 0
 0
 0
 0
 0
 0
 0
 0
 0
0.0002989598
0.001248922
 0
0.0001162855
0.02881642
0.002250104
9.96921e+36
9.96921e+36
9.96921e+36
570.5636
695.0938
894.8867
430.2586
430.8267
734.3108
932.1404
934.7037
1192
1217.533
1049.368
913.4675
566.2118
558.7209
612.7374
560.5836
708.754
699.5962
728.5502
683.1422
798.466
837.6963
1043.135
1295.144
1579.24
1803.209
1933.535
2370.304
2958.82
3030.332
3045.189
2926.684
2546.267
2054.934
1597.228
1195.985
958.6766
947.6804
714.0945
866.4255
664.5911
685.5316
652.0783
710.0854
694.5188
696.9432
730.2419
817.3329
784.917
734.9977
649.4371
671.368
686.269
684.3527
715.0499
764.1596
900.7779
926.0625
897.8524
946.1199
937.2017
845.0856
650.7059
526.1317
422.1916
294.025
201.2794
128.5622
37.75844
18.92842
0.5493094
0.02074929
 0
 0
 0
9.96921e+36
9.96921e+36
9.96921e+36
 0
 0
 0
 0
 0
 0
 0
 0
 0
0.0002909365
0.0007716213
 0
0.000113361
0.01357791
0.001356892
9.96921e+36
9.96921e+36
9.96921e+36
976.3936
993.8935
1151.17
586.5352
620.003
929.5212
1144.968
1215.386
1533.023
1708.973
1331.879
1146.223
649.8828
674.2643
706.173
626.5128
799.7813
773.3465
828.8665
706.7277
880.5932
883.3383
1149.002
1368.399
1753.84
1977.796
2061.936
2457.54
3048.982
3115.945
3078.887
3036.503
2632.423
2179.136
1711.119
1353.619
1107.576
1124.591
831.0749
1042.62
787.4964
799.2889
694.88
769.0749
763.9191
818.1951
867.4412
981.8683
998.2104
952.4252
862.3054
876.7682
882.1879
893.7232
915.3984
954.1315
1106.838
1123.671
1087.042
1135.361
1133.134
1022.117
793.1298
645.1569
520.5066
362.1753
248.1048
159.0123
42.85297
21.44886
0.6116681
0.01871174
 0
 0
 0
9.96921e+36
9.96921e+36
9.96921e+36
 0
 0
 0
 0
 0
 0
 0
 0
 0
0.0002625006
0.0008241563
 0
0.0001323771
0.02114818
0.001448269
9.96921e+36
9.96921e+36
9.96921e+36
1056.676
1340.511
1395.31
654.2883
673.5264
1012.121
1275.199
1339.086
1507.258
1723.168
1316.541
1092.451
584.1215
591.6465
660.1642
568.132
798.4026
691.9057
825.0179
628.7586
781.9975
754.5386
1051.614
1274.804
1713.318
1946.407
2043.364
2417.332
3042.422
3157.155
3115.533
3185.963
2717.443
2142.862
1653.419
1315.825
1105.635
1134.587
794.3399
1053.53
746.4413
755.7357
654.6335
755.3799
748.0882
851.3665
856.2779
951.2647
962.2712
910.1235
817.5845
839.8701
825.2353
881.6814
925.6475
950.3266
1118.498
1145.5
1108.291
1173.697
1189.649
1088.609
855.9598
702.0297
574.4253
409.7656
280.2274
176.4715
45.55966
22.99426
0.6218555
0.02039014
 0
 0
 0
9.96921e+36
9.96921e+36
9.96921e+36
 0
 0
 0
 0
 0
 0
 0
 0
 0
0.0002909365
0.0007716213
 0
0.000113361
0.01357791
0.001356892
9.96921e+36
9.96921e+36
9.96921e+36
977.9953
1001.349
1147.424
594.2416
623.4577
1099.836
1312.211
1261.546
1527.991
1712.418
1374.701
1170.767
672.6142
687.0139
741.7301
648.3226
821.7701
793.7489
877.1729
753.9004
886.2618
895.4055
1160.375
1384.066
1789.784
2008.82
2111.758
2496.381
3082.442
3178.052
3110.282
3077.291
2718.423
2218.031
1755.132
1377.522
1131.695
1149.143
853.1268
1050.673
799.3566
802.6776
706.6814
778.8352
805.1154
834.2552
878.7258
986.6219
1007.269
957.1393
868.8294
882.3004
895.8511
899.8418
920.4615
954.9922
1111.76
1129.292
1088.774
1136.118
1134.659
1023.493
794.2419
645.6894
521.4401
363.1401
248.7134
159.0742
42.85248
21.48741
0.6120579
0.01872895
 0
 0
 0
9.96921e+36
9.96921e+36
9.96921e+36
 0
 0
 0
 0
 0
 0
 0
 0
 0
0.0002625016
0.0008207427
 0
0.0001323771
0.02114003
0.001448482
9.96921e+36
9.96921e+36
9.96921e+36
955.1857
1339.061
1396.295
633.6198
647.1812
992.9995
1363.927
1246.011
1434.351
1572.007
1180.324
1023.777
521.4051
553.6654
626.0915
531.837
739.8286
655.3984
768.5953
596.5455
711.8197
673.7688
968.8432
1171.642
1615.654
1803.449
1940.035
2301.752
2861.27
2973.034
2942.493
2932.961
2524.438
1962.086
1558.76
1227.496
1043.171
1073.44
745.5482
985.6927
711.3404
708.7702
637.377
710.9619
716.7648
798.4489
826.9221
906.3807
909.3073
861.0864
781.1328
802.1088
763.9417
818.1379
859.155
881.1857
1045.718
1074.912
1039.861
1098.323
1108.496
1014.397
782.465
648.0141
531.2339
382.354
259.4624
162.3999
42.74107
21.05044
0.6511355
0.02274189
 0
 0
 0
9.96921e+36
9.96921e+36
9.96921e+36
 0
 0
 0
 0
 0
 0
 0
 0
 0
0.0002909375
0.0007699526
 0
0.000113361
0.01345191
0.001372077
9.96921e+36
9.96921e+36
9.96921e+36
954.1513
1359.221
1399.296
633.3752
649.3406
1000.179
1390.9
1262.065
1439.56
1569.415
1177.979
1026.276
522.1508
556.9655
628.2919
534.067
742.5717
658.8909
769.5648
594.2642
710.9716
674.2061
968.7032
1171.761
1615.142
1812.394
1940.11
2300.713
2867.504
2970.253
2943.466
2926.958
2523.862
1963.936
1553.109
1228.426
1043.967
1073.965
744.3856
984.4652
714.5816
708.3652
640.5665
711.6021
715.1415
799.7801
829.502
906.2664
908.9094
863.4928
783.8355
805.0804
768.1019
823.4616
861.6086
883.3693
1047.214
1082.652
1045.952
1105.066
1112.35
1015.555
782.6981
648.0924
531.8572
382.6715
259.642
162.4392
42.66161
21.08935
0.6498239
0.0213996
 0
 0
 0
9.96921e+36
9.96921e+36
9.96921e+36
