 0
 0
 0
 0
 0
 0
 0
 0
 0
 0
 0
 0
 0
 0
 0
9.96921e+36
9.96921e+36
9.96921e+36
576.0037
705.3019
910.0002
439.9911
442.3362
739.1837
944.9124
948.6189
1216.123
1252.757
1094.819
955.4943
601.6642
584.337
638.5368
583.2234
731.198
726.0892
758.3312
715.3254
831.624
869.7784
1084.225
1345.441
1639.384
1875.037
2003.399
2459.017
3074.765
3139.033
3151.448
3018.901
2635.699
2123.18
1660.061
1245.774
997.1855
981.796
736.1584
901.855
696.1898
713.3909
668.8382
729.6638
710.7205
709.3256
749.942
843.8508
812.3768
767.1535
679.2988
698.1332
717.0656
714.231
746.0933
795.1111
930.5504
952.7751
921.8482
968.2317
960.4367
861.2939
662.0894
532.615
427.1661
297.2367
203.0942
130.2885
38.59336
19.70882
0.5976892
0.01989376
 0
 0
 0
9.96921e+36
9.96921e+36
9.96921e+36
 0
 0
 0
 0
 0
 0
 0
 0
 0
 0
 0
 0
 0
 0
 0
9.96921e+36
9.96921e+36
9.96921e+36
983.3826
999.1551
1171.015
603.3385
637.9276
959.8096
1173.053
1234.887
1585.179
1796.464
1430.055
1224.764
704.4537
721.9854
764.3236
671.6363
858.0847
824.7744
892.0574
769.2325
944.8185
920.4589
1213.315
1438.915
1856.531
2090.494
2154.938
2604.898
3213.33
3264.126
3206.804
3106.202
2784.296
2314.075
1808.606
1435.743
1179.265
1189.853
889.2502
1099.794
839.0839
842.1343
727.8233
803.6544
794.9322
849.7723
895.9367
1014.225
1036.742
994.1467
900.2308
910.9238
920.2294
925.1121
938.3981
979.2911
1137.938
1147.217
1106.513
1148.085
1142.892
1024.563
793.9063
645.0737
521.1699
364.8112
249.3324
160.392
43.56862
22.50798
0.6231937
0.01933163
 0
 0
 0
9.96921e+36
9.96921e+36
9.96921e+36
 0
 0
 0
 0
 0
 0
 0
 0
 0
 0
 0
 0
 0
 0
 0
9.96921e+36
9.96921e+36
9.96921e+36
983.3826
1259.709
1319.995
643.7953
650.9506
1015.939
1272.566
1308.712
1526.39
1729.147
1329.95
1143.342
615.3626
603.9073
692.561
578.667
804.8533
729.3372
857.7767
672.7186
818.829
768.694
1079.21
1295.772
1756.802
1981.961
2061.871
2497.976
3118.548
3189.202
3159.382
3100.677
2708.494
2161.556
1696.075
1339.84
1138.948
1164.087
819.1019
1067.869
779.2911
781.5111
667.1855
756.5563
731.6658
823.412
864.1004
957.7564
962.6393
926.5611
832.3571
856.3744
829.0984
868.6675
894.6224
924.5544
1081.48
1101.705
1057.833
1112.239
1120.359
1026.498
803.2943
658.6481
536.3029
381.5657
260.8216
163.6715
43.72263
22.36573
0.6266604
0.01934479
 0
 0
 0
9.96921e+36
9.96921e+36
9.96921e+36
 0
 0
 0
 0
 0
 0
 0
 0
 0
 0
 0
 0
 0
 0
 0
9.96921e+36
9.96921e+36
9.96921e+36
983.3826
1004.593
1164.18
612.6573
640.4881
1096.8
1333.083
1276.276
1579.715
1799.413
1435.567
1252.053
719.2883
723.2755
778.5515
673.4774
858.9384
832.8936
921.9028
795.4125
948.8467
928.2873
1221.342
1447.843
1860.156
2085.515
2165.024
2596.26
3209.658
3275.13
3206.603
3106.206
2793.378
2311.042
1816.901
1441.004
1177.977
1197.302
895.6384
1104.438
841.3644
848.5167
737.5043
803.8853
807.0416
850.0516
900.9539
1017.865
1038.885
997.1166
906.4073
912.5171
933.7945
928.5869
939.5652
979.2866
1142.108
1151.927
1107.475
1148.026
1143.248
1025.337
794.0972
644.9493
521.3928
364.9261
249.4656
160.3237
43.56779
22.50908
0.6233639
0.01933163
 0
 0
 0
9.96921e+36
9.96921e+36
9.96921e+36
 0
 0
 0
 0
 0
 0
 0
 0
 0
 0
 0
 0
 0
 0
 0
9.96921e+36
9.96921e+36
9.96921e+36
983.3826
1352.916
1435.332
651.4813
678.9561
1045.964
1400.942
1295.404
1505.576
1690.445
1282.956
1111.552
567.0033
586.3028
661.0309
562.817
791.1069
682.4517
817.459
641.5988
773.0295
715.795
1038.653
1256.261
1725.785
1952.877
2047.864
2470.488
3077.55
3190.133
3157.938
3097.937
2691.34
2097.108
1660.882
1314.513
1124.879
1155.919
801.6536
1053.028
761.9222
763.1884
664.2452
741.9092
732.3016
822.2051
852.9365
936.6848
942.2128
899.483
819.3906
838.9938
813.0743
860.9698
892.8179
914.8882
1090.82
1110.7
1074.858
1131.662
1147.465
1047.559
805.1681
662.4987
541.6
387.2259
263.577
164.3652
43.72752
22.36096
0.6266509
0.01934479
 0
 0
 0
9.96921e+36
9.96921e+36
9.96921e+36
 0
 0
 0
 0
 0
 0
 0
 0
 0
 0
 0
 0
 0
 0
 0
9.96921e+36
9.96921e+36
9.96921e+36
983.3826
1376.361
1440.054
651.4213
678.9568
1054.747
1420.111
1311.903
1515.803
1691.043
1284.026
1114.647
568.254
590.0602
663.4686
565.0394
792.0696
689.119
818.2858
638.7804
773.3812
715.7016
1038.483
1256.57
1725.958
1964.349
2052.054
2471.956
3090.219
3190.669
3164.747
3097.939
2692.893
2098.851
1660.641
1316.14
1125.676
1157.005
801.3939
1052.523
762.2661
762.0204
667.9315
742.0878
734.5239
822.9388
854.7382
938.0105
944.2704
902.5936
822.577
842.5571
817.704
866.4723
895.3737
917.8942
1091.5
1119.336
1082.047
1138.956
1152.186
1049.128
805.612
663.0099
542.3032
387.953
263.8072
164.5135
43.55219
22.47878
0.6230404
0.01933163
 0
 0
 0
9.96921e+36
9.96921e+36
9.96921e+36
