-90
-88.10526
-86.21053
-84.31579
-82.42105
-80.52631
-78.63158
-76.73684
-74.8421
-72.94736
-71.05264
-69.1579
-67.26316
-65.36842
-63.47368
-61.57895
-59.68421
-57.78947
-55.89474
-54
-52.10526
-50.21053
-48.31579
-46.42105
-44.52632
-42.63158
-40.73684
-38.84211
-36.94737
-35.05263
-33.15789
-31.26316
-29.36842
-27.47368
-25.57895
-23.68421
-21.78947
-19.89474
-18
-16.10526
-14.21053
-12.31579
-10.42105
-8.526316
-6.631579
-4.736842
-2.842105
-0.9473684
0.9473684
2.842105
4.736842
6.631579
8.526316
10.42105
12.31579
14.21053
16.10526
18
19.89474
21.78947
23.68421
25.57895
27.47368
29.36842
31.26316
33.15789
35.05263
36.94737
38.84211
40.73684
42.63158
44.52632
46.42105
48.31579
50.21053
52.10526
54
55.89474
57.78947
59.68421
61.57895
63.47368
65.36842
67.26316
69.1579
71.05264
72.94736
74.8421
76.73684
78.63158
80.52631
82.42105
84.31579
86.21053
88.10526
90
