0.01214273
0.02592274
-0.1043706
-0.5426397
-1.15142
-1.428192
-1.467075
-1.480282
-2.166665
-2.301698
-1.748523
-3.487406
-4.850379
-9.573065
-10.8506
9.96921e+36
9.96921e+36
9.96921e+36
13.2397
4.478455
5.62438
-0.1215836
3.112123
9.058132
8.413657
17.39784
21.80148
21.20795
19.4249
23.31951
21.78451
19.35682
18.34152
16.66479
19.9491
22.54702
28.89247
26.11153
31.00524
29.10867
34.34186
42.38842
51.05585
59.62717
66.78503
77.33674
92.21347
91.59338
90.12281
85.86523
92.30692
90.54501
96.75403
102.2331
93.71666
90.22407
67.3616
67.94995
58.18802
59.06255
51.57181
46.94533
43.01089
49.04282
50.55867
55.68909
54.1904
47.01756
49.17158
56.87589
62.90747
64.99248
66.02379
66.27474
70.48839
70.00257
68.99107
69.40698
66.18079
61.13545
56.41086
50.52851
45.10614
40.13647
35.23662
29.74709
15.58967
6.479373
-2.8622
-3.799049
-6.316206
-6.3175
-5.628315
9.96921e+36
9.96921e+36
9.96921e+36
0.01214744
0.02591744
-0.1043482
-0.5426953
-1.15161
-1.42794
-1.467045
-1.480581
-2.166563
-2.297919
-1.748116
-3.487274
-4.849088
-9.576308
-10.86095
9.96921e+36
9.96921e+36
9.96921e+36
14.6912
5.226622
6.906971
1.094123
3.948001
10.21883
9.463527
18.50842
23.16719
22.87188
20.06047
23.66336
21.86465
19.42803
18.46396
16.66198
20.0051
22.66637
29.2797
25.95888
31.6556
28.94748
34.97141
42.80074
51.18079
60.49537
67.48695
78.32211
92.71216
92.02647
90.32758
86.22684
92.96632
91.13071
96.83157
103.0812
94.77529
91.4901
68.11472
68.7158
59.16936
59.81493
51.78854
47.41719
43.26133
49.74414
51.34092
56.42604
54.86853
47.22102
49.69985
57.87486
64.25623
66.50639
66.96748
67.08282
71.11121
70.99068
70.27491
71.18407
68.16616
62.83242
57.49076
51.32703
45.63261
40.55193
35.43721
29.7804
15.65294
5.948179
-2.840887
-3.976547
-6.311372
-6.318085
-5.69494
9.96921e+36
9.96921e+36
9.96921e+36
0.01214273
0.02592274
-0.1043706
-0.5426397
-1.15142
-1.428192
-1.467075
-1.480282
-2.166665
-2.301698
-1.748523
-3.487406
-4.850379
-9.573065
-10.8506
9.96921e+36
9.96921e+36
9.96921e+36
14.6912
6.010074
7.461737
1.551227
4.073509
10.39728
9.757878
18.87286
22.98714
22.73535
19.89422
23.4664
21.70972
19.4494
18.49808
16.81145
20.12831
22.46819
29.0912
26.03903
31.42775
29.28239
36.30092
43.29164
52.32515
61.31668
68.22282
78.16154
92.4942
91.89942
90.19093
86.24358
91.95878
89.60684
95.07123
101.8044
93.89464
91.23272
67.18372
68.3537
58.66669
59.36664
51.34124
47.17771
42.99664
49.64112
51.31529
56.20476
54.72913
47.06182
49.63288
57.68793
63.67178
65.90298
66.77859
66.65823
70.72517
70.89621
69.86922
70.83134
67.83981
62.70292
57.62132
51.37132
45.75966
40.65432
35.47869
29.79262
15.5972
5.928212
-2.859771
-3.799179
-6.316206
-6.3175
-5.628315
9.96921e+36
9.96921e+36
9.96921e+36
0.01214744
0.02591744
-0.1043482
-0.5426953
-1.15161
-1.42794
-1.467045
-1.480581
-2.166563
-2.297919
-1.748116
-3.487274
-4.849088
-9.576308
-10.86095
9.96921e+36
9.96921e+36
9.96921e+36
14.69119
5.204867
6.890092
1.141706
3.930132
10.44644
9.967082
18.72551
23.15156
22.87482
20.09043
23.71929
21.89747
19.44062
18.47624
16.68401
20.00354
22.71205
29.37922
26.02641
31.65489
28.90611
34.84966
42.58905
51.26859
60.45763
67.35062
78.28432
92.69164
92.02627
90.32543
86.22672
93.0045
91.18138
96.90044
103.1485
94.86782
91.60661
68.14718
68.71703
59.19591
59.80577
51.90435
47.4194
43.31328
49.74348
51.37032
56.45679
54.86061
47.23887
49.67511
57.89314
64.28865
66.5378
67.02447
67.07108
71.14436
71.00938
70.28057
71.20054
68.16611
62.84176
57.49365
51.32611
45.63268
40.54607
35.4371
29.77798
15.65644
5.953273
-2.840253
-3.976547
-6.311372
-6.318085
-5.69494
9.96921e+36
9.96921e+36
9.96921e+36
0.01214273
0.02592274
-0.1043706
-0.5426397
-1.15142
-1.428192
-1.467075
-1.480282
-2.166665
-2.301698
-1.748523
-3.487406
-4.850379
-9.573065
-10.8506
9.96921e+36
9.96921e+36
9.96921e+36
14.6912
6.05919
7.867778
1.653444
4.313987
10.8836
10.19472
18.84609
22.98318
22.61364
19.75619
23.36535
21.57345
19.47547
18.50099
16.79721
20.24043
22.33138
28.81531
25.982
31.61697
28.85874
36.40203
43.74575
52.91434
61.37683
68.2832
78.11682
92.51979
91.88258
90.27636
86.21699
91.84652
89.01379
94.36593
101.0769
93.52418
91.11405
67.00557
68.04182
58.49075
59.25457
51.18502
47.03601
43.02852
49.66209
51.20685
56.11671
54.70599
47.10763
49.66412
57.78106
63.47168
65.73314
66.69424
66.52424
70.75612
70.917
69.91512
70.97158
68.1097
62.92329
57.63118
51.38533
45.79063
40.68605
35.48144
29.78922
15.60105
5.916706
-2.859516
-3.799179
-6.316206
-6.3175
-5.628315
9.96921e+36
9.96921e+36
9.96921e+36
0.01214744
0.02591744
-0.1043482
-0.5426953
-1.15161
-1.42794
-1.467045
-1.480581
-2.166563
-2.297919
-1.748116
-3.487274
-4.849088
-9.576308
-10.86095
9.96921e+36
9.96921e+36
9.96921e+36
14.69119
6.076091
7.861941
1.64995
4.314834
10.91102
10.27129
18.91385
22.994
22.58562
19.75712
23.36353
21.58068
19.47565
18.5013
16.79404
20.21901
22.3519
28.87199
25.94442
31.62783
28.88374
36.40849
43.81976
52.90562
61.42056
68.23117
78.10582
92.55879
91.88255
90.29907
86.2165
91.85374
89.01499
94.35998
101.0964
93.48672
91.10001
66.97573
68.03941
58.49189
59.23797
51.21495
47.04745
43.02767
49.66902
51.21167
56.12132
54.71638
47.03441
49.70527
57.77008
63.50693
65.76445
66.67263
66.55574
70.76664
70.96291
69.96237
71.02391
68.14928
62.94392
57.53812
51.40136
45.79003
40.69614
35.49128
29.79332
15.62171
5.94178
-2.841024
-3.976547
-6.311372
-6.318085
-5.69494
9.96921e+36
9.96921e+36
9.96921e+36
