 0
7.265316e-06
0.001442589
0.001616201
0.0006780872
0.0007793259
0.002157443
0.01307355
0.005885838
0.01824669
0.005019441
0.01901537
0.01343611
0.05239798
0.00377889
9.96921e+36
9.96921e+36
9.96921e+36
0.02018389
0.04934329
0.1065605
0.04933527
0.0578674
0.1208723
0.1413513
0.1952138
0.274492
0.3705283
0.4137315
0.5494378
0.4829195
0.4383648
0.425142
0.3938519
0.5196356
0.5633302
0.6258284
0.5769801
0.6603218
0.6604372
0.708242
0.8157607
0.9391236
1.236149
1.100129
1.306664
1.616457
1.572305
1.431774
1.240103
1.456726
1.224704
1.065595
0.8879437
0.7633766
0.7799466
0.627804
0.80045
0.6748029
0.7148001
0.7104703
0.7683773
0.7986192
0.9006165
1.057896
1.2489
1.311864
1.400128
1.303264
1.493856
1.609054
1.746736
1.811718
2.040025
2.535588
2.669275
2.715966
2.581021
2.403127
2.546183
2.110618
1.880416
1.768258
1.383927
1.043196
0.5752152
0.1700629
0.1021371
0.01254656
0.0009576674
0.006046454
0.00145654
3.615058e-05
9.96921e+36
9.96921e+36
9.96921e+36
 0
7.265316e-06
0.001442589
0.001616201
0.0006780872
0.0007793259
0.002157441
0.01307355
0.005885838
0.01823839
0.00528126
0.01898385
0.01341921
0.05232904
0.003582535
9.96921e+36
9.96921e+36
9.96921e+36
0.0554659
0.07798907
0.1606268
0.07589609
0.1028253
0.8863524
0.6813553
1.044783
2.773198
1.092871
1.124597
1.458707
0.7012395
0.7147267
0.8308476
0.7942981
1.323787
2.487905
1.461927
1.744011
1.792866
1.133667
1.390481
2.26941
3.142004
6.005888
5.629534
9.913376
12.91987
11.42522
11.39243
6.152509
6.044384
7.418329
3.851139
2.625365
1.781528
2.069916
2.268325
2.423294
1.472539
1.770614
2.576172
2.209761
1.664045
1.621216
2.340542
2.099373
2.410938
2.484754
2.432353
2.6938
2.865552
3.391743
3.670377
3.730003
4.378899
4.29816
4.403385
3.462034
3.488276
4.439708
3.640585
2.945637
2.422756
1.715561
1.282568
0.6536694
0.1630975
0.09439741
0.01284738
0.0009757267
0.006046453
0.001461422
3.615058e-05
9.96921e+36
9.96921e+36
9.96921e+36
 0
7.265316e-06
0.001442589
0.001616201
0.0006780872
0.0007793259
0.002157441
0.01307355
0.005885838
0.01824222
0.005280664
0.01898588
0.01342294
0.05232662
0.003602982
9.96921e+36
9.96921e+36
9.96921e+36
0.1277127
0.1677576
0.339427
0.1174122
0.1767255
1.333868
0.9603433
1.748988
3.183344
1.633595
1.554134
1.734553
0.6839629
0.7588618
1.107789
1.128035
1.828639
2.822653
1.640243
2.100407
2.488344
1.724903
1.916614
3.008521
4.738352
9.06482
8.148661
13.83826
18.53213
16.78853
16.79165
11.00102
9.369054
9.652242
6.104506
4.017097
2.950195
3.211582
3.207921
3.334121
1.876711
2.015595
3.134093
3.142172
2.755584
2.507242
2.96699
2.557004
3.216873
3.043765
2.857558
3.218039
3.712277
5.263491
5.791039
5.559215
6.832647
7.133502
7.350666
5.809964
6.442074
8.125351
6.465862
4.775708
3.686828
2.407542
1.607606
0.8312708
0.1911267
0.1133739
0.01312822
0.0009732737
0.006046453
0.001461423
3.615058e-05
9.96921e+36
9.96921e+36
9.96921e+36
 0
7.265316e-06
0.001442589
0.001616201
0.0006780872
0.0007793259
0.002157441
0.01307355
0.005885838
0.01823839
0.00528126
0.01898385
0.01341921
0.05232904
0.003582535
9.96921e+36
9.96921e+36
9.96921e+36
0.05397983
0.07668902
0.1560562
0.0751946
0.1004618
0.7052194
0.6328346
1.030142
2.819868
1.086497
1.022932
1.449836
0.6213568
0.5893778
0.621553
0.6221259
1.237402
2.284154
1.191451
1.546295
1.822782
1.086815
1.273862
2.156768
3.079556
6.094985
5.637156
10.4139
13.4669
11.41498
11.65131
5.702777
5.200451
7.767227
3.380719
2.402823
1.501013
1.824475
2.000652
2.375993
1.371389
1.69909
2.462335
2.074152
1.30228
1.420429
2.15863
2.066741
2.358762
2.450677
2.406904
2.641099
2.810408
3.347335
3.605181
3.674768
4.313239
4.218868
4.345438
3.40616
3.422529
4.384142
3.587036
2.897516
2.385424
1.687065
1.267466
0.6307305
0.1524328
0.09209214
0.01287514
0.0009755181
0.006046453
0.001461422
3.615058e-05
9.96921e+36
9.96921e+36
9.96921e+36
 0
7.265316e-06
0.001442589
0.001616201
0.0006780872
0.0007793259
0.002157441
0.01307355
0.005885838
0.01824222
0.005280683
0.01898588
0.01342294
0.05232667
0.003602982
9.96921e+36
9.96921e+36
9.96921e+36
0.2371008
0.4617938
1.050251
0.2879065
0.5027734
1.781693
1.235935
2.457541
4.081635
3.291667
2.956617
3.502478
1.794303
1.827357
2.144375
2.201038
3.193258
4.172423
3.023726
3.120083
3.828163
2.855291
3.591407
5.170567
7.581158
13.4492
11.86857
18.11074
25.09682
23.85505
22.70033
16.6617
14.16436
14.09864
8.981349
6.742538
5.128225
5.501884
4.93297
6.303823
3.98361
4.433309
4.868176
5.459416
5.523664
5.966677
5.804893
5.999099
7.516756
6.922425
6.184052
7.045987
8.923561
10.90036
11.90365
12.56375
16.65298
17.20026
17.4098
16.42923
16.01286
17.54966
15.50913
14.4417
13.40564
10.50284
8.079152
4.102726
0.9214743
0.5246646
0.02397459
0.001096217
0.006046453
0.001461423
3.615058e-05
9.96921e+36
9.96921e+36
9.96921e+36
 0
7.265316e-06
0.001442589
0.001616201
0.0006780872
0.0007793259
0.002157441
0.01307355
0.005885838
0.01823839
0.005282333
0.01898384
0.01341921
0.05232639
0.003582601
9.96921e+36
9.96921e+36
9.96921e+36
0.2315958
0.4534064
1.036801
0.2841277
0.4949751
1.802156
1.222853
2.467432
4.133891
3.25799
2.919331
3.479349
1.783111
1.821109
2.113845
2.148668
3.135434
4.180875
2.99507
3.114178
3.776956
2.820277
3.541644
5.099565
7.426177
13.21096
11.59636
17.82481
24.73209
23.34358
22.22319
16.13714
13.78178
13.92497
8.792625
6.600191
5.021192
5.39502
4.878562
6.234309
3.963007
4.404376
4.839137
5.391481
5.371137
5.85194
5.717175
5.919577
7.3977
6.900989
6.122487
7.019985
8.809494
10.79643
11.69935
12.394
16.49301
16.94905
17.16494
16.16206
15.71176
17.22261
15.20922
14.19976
13.16919
10.32497
7.938807
4.043655
0.9062513
0.5164595
0.02368364
0.001099028
0.006046453
0.00146179
3.615058e-05
9.96921e+36
9.96921e+36
9.96921e+36
