 0
9.814918e-08
1.870564e-05
1.994931e-05
8.318541e-06
9.858521e-06
2.678477e-05
0.0001636053
8.990308e-05
0.0003233262
6.625539e-05
0.0002483302
0.0001519911
0.0006817153
4.023213e-05
9.96921e+36
9.96921e+36
9.96921e+36
0.000307739
0.0008124181
0.001844488
0.0008875598
0.0009901724
0.001816881
0.002373373
0.002792954
0.004078452
0.006352972
0.007001048
0.01061557
0.01005674
0.009055118
0.008824711
0.008005734
0.01012483
0.01138674
0.01262983
0.011713
0.0129132
0.01345648
0.01412795
0.0146444
0.01581872
0.01841288
0.01660319
0.01855249
0.0209275
0.01935576
0.01711723
0.01571242
0.0216894
0.02044208
0.01907321
0.01642573
0.0144904
0.01470599
0.01211064
0.01473846
0.01314897
0.01390952
0.01397592
0.01426163
0.01481458
0.01705849
0.02079459
0.02468312
0.02602338
0.02825109
0.0254845
0.02954652
0.02992348
0.03089674
0.03236829
0.03776926
0.04411552
0.04483714
0.04507736
0.042109
0.03559902
0.03710113
0.03375686
0.03316149
0.03313336
0.02739886
0.02143368
0.01201059
0.003745107
0.002285645
0.0003036078
2.579348e-05
0.000152957
3.995714e-05
1.489851e-06
9.96921e+36
9.96921e+36
9.96921e+36
 0
9.814918e-08
1.870564e-05
1.994931e-05
8.318541e-06
9.858521e-06
2.678476e-05
0.0001636052
8.990308e-05
0.0003235598
7.358873e-05
0.0002488503
0.0001522093
0.0006883796
3.973148e-05
9.96921e+36
9.96921e+36
9.96921e+36
0.001156944
0.00167923
0.003517075
0.001697759
0.00226818
0.01979208
0.01522161
0.02354189
0.06310662
0.02483331
0.02476428
0.03337028
0.01603273
0.01636557
0.01906996
0.0179482
0.02991646
0.05723489
0.03291037
0.03977797
0.04043641
0.02529984
0.03145808
0.04988465
0.06823771
0.1298901
0.1196408
0.2162517
0.2817183
0.2404309
0.2374213
0.1238795
0.1265968
0.1661584
0.08378628
0.0572069
0.0397717
0.04600975
0.05054338
0.05508894
0.03338737
0.04051527
0.05971695
0.05032237
0.0372094
0.03643619
0.05329118
0.04675515
0.05377789
0.05618498
0.05496708
0.06072035
0.06412805
0.07369615
0.07865219
0.079611
0.09141904
0.09091838
0.09309053
0.0730506
0.07220692
0.0902762
0.07417428
0.06134922
0.05212606
0.0380243
0.02877243
0.0146932
0.00371979
0.00216287
0.0003108085
2.622232e-05
0.000152957
4.006757e-05
1.489851e-06
9.96921e+36
9.96921e+36
9.96921e+36
 0
9.814918e-08
1.870564e-05
1.994931e-05
8.318541e-06
9.858521e-06
2.678476e-05
0.0001636052
8.990308e-05
0.0003236588
7.357674e-05
0.0002488473
0.0001522632
0.0006883707
3.992734e-05
9.96921e+36
9.96921e+36
9.96921e+36
0.002600198
0.003510494
0.007237037
0.002566224
0.003782186
0.02948218
0.02114047
0.03813981
0.07071833
0.03596202
0.03322166
0.03874159
0.01548506
0.01729517
0.02506116
0.0249927
0.04048594
0.06428688
0.03648819
0.04721991
0.05508294
0.03761027
0.04245649
0.06476486
0.1006227
0.191158
0.1679087
0.292127
0.3911236
0.3447549
0.3432305
0.2207676
0.1922447
0.2096826
0.1304663
0.08583586
0.0643905
0.07000103
0.07002451
0.07431582
0.04168401
0.0455446
0.07138669
0.06963326
0.05956543
0.05471863
0.06604051
0.05514105
0.06956466
0.06737984
0.06316988
0.07127549
0.08128177
0.1116872
0.1215668
0.1154106
0.1386628
0.146612
0.1514641
0.1194415
0.1307215
0.1626
0.1304243
0.09783219
0.07807121
0.0527575
0.03590548
0.01857153
0.004320903
0.002575105
0.0003170643
2.613866e-05
0.000152957
4.006758e-05
1.489851e-06
9.96921e+36
9.96921e+36
9.96921e+36
 0
9.814918e-08
1.870564e-05
1.994931e-05
8.318541e-06
9.858521e-06
2.678476e-05
0.0001636052
8.990308e-05
0.0003235598
7.358873e-05
0.0002488503
0.0001522093
0.0006883796
3.973148e-05
9.96921e+36
9.96921e+36
9.96921e+36
0.001124742
0.001651548
0.00341752
0.00168236
0.002218921
0.01550048
0.01408379
0.02317522
0.06397998
0.02469104
0.02247031
0.03312438
0.0142078
0.01348484
0.0142529
0.01400551
0.02767533
0.05240609
0.02670977
0.03531878
0.04106404
0.02424306
0.02882657
0.04737559
0.06655059
0.1313908
0.1190862
0.2254782
0.2921939
0.2388794
0.2424128
0.1143466
0.1079536
0.1725276
0.07333031
0.05230687
0.0333634
0.04056245
0.04449832
0.05398774
0.03112957
0.0388695
0.05700005
0.04721159
0.0290296
0.03190312
0.04915208
0.04601083
0.05258524
0.05540258
0.05437926
0.0595323
0.06285959
0.07270037
0.07721185
0.07846494
0.09002332
0.08925586
0.09186918
0.07191628
0.07088693
0.08919039
0.07307938
0.06034628
0.05134114
0.03740541
0.02843775
0.01418181
0.003479778
0.00211558
0.0003116955
2.621747e-05
0.000152957
4.006757e-05
1.489851e-06
9.96921e+36
9.96921e+36
9.96921e+36
 0
9.814918e-08
1.870564e-05
1.994931e-05
8.318541e-06
9.858521e-06
2.678476e-05
0.0001636052
8.990308e-05
0.0003236588
7.357712e-05
0.0002488473
0.0001522632
0.0006883711
3.992734e-05
9.96921e+36
9.96921e+36
9.96921e+36
0.004884979
0.009662516
0.0225953
0.006324154
0.01089761
0.0391058
0.02685806
0.05315161
0.09030715
0.07229522
0.06364363
0.07810915
0.04031365
0.04124339
0.04810312
0.0486524
0.07067426
0.09433429
0.06713259
0.06979839
0.08455487
0.06236441
0.07934285
0.1114507
0.1615456
0.2829822
0.2447737
0.3790691
0.5250477
0.4885414
0.4622983
0.3364
0.2925325
0.3041987
0.1916126
0.1447666
0.1116967
0.1196599
0.1077167
0.1397197
0.08849788
0.09920961
0.1100298
0.1194602
0.1191666
0.1296334
0.1275984
0.1301164
0.1634505
0.1528527
0.1365366
0.1561964
0.1961888
0.235196
0.254067
0.2662599
0.3503623
0.36342
0.3676891
0.3480276
0.3331416
0.3630037
0.3243365
0.3077848
0.2925455
0.2329962
0.1813866
0.09212114
0.02071004
0.01177681
0.000557269
2.886619e-05
0.000152957
4.006758e-05
1.489851e-06
9.96921e+36
9.96921e+36
9.96921e+36
 0
9.814918e-08
1.870564e-05
1.994931e-05
8.318541e-06
9.858521e-06
2.678476e-05
0.0001636052
8.990308e-05
0.0003235598
7.360856e-05
0.0002488502
0.0001522094
0.0006883585
3.973208e-05
9.96921e+36
9.96921e+36
9.96921e+36
0.004772454
0.009496298
0.02232152
0.006243527
0.01073255
0.03965826
0.02662424
0.05350244
0.09159344
0.07161008
0.06289621
0.07765553
0.04007411
0.04110555
0.04744048
0.04753283
0.06943317
0.09454987
0.0665362
0.06969344
0.08348473
0.06164925
0.07829241
0.1099866
0.1583894
0.2782893
0.2394069
0.3735785
0.5181409
0.4786305
0.4531752
0.3259215
0.2848638
0.3007935
0.1877727
0.1418504
0.1094301
0.1174156
0.1066108
0.1382603
0.08807109
0.09857419
0.1094612
0.1180463
0.1160222
0.1272451
0.1257859
0.1285388
0.1610003
0.1525175
0.1352564
0.1557126
0.1937743
0.2332071
0.249815
0.2627923
0.3473689
0.3583212
0.3627496
0.3425426
0.3269772
0.3563507
0.3180868
0.3026589
0.2874138
0.2290898
0.1782376
0.09079236
0.02037999
0.01159958
0.0005509037
2.895673e-05
0.000152957
4.007587e-05
1.489851e-06
9.96921e+36
9.96921e+36
9.96921e+36
