 0
 0
 0
 0
 0
 0
 0
 0
 0
 0
 0
 0
 0
 0
 0
9.96921e+36
9.96921e+36
9.96921e+36
290.9149
349.5393
486.025
240.2839
232.9578
330.6307
422.2602
415.9108
522.895
554.9203
499.5915
447.9793
285.1364
254.5381
274.8516
248.642
316.1989
309.5467
321.507
302.873
364.3001
397.0419
482.1025
591.2213
681.8402
736.6041
761.7075
924.7031
1131.463
1150.215
1154.684
1115.476
970.6649
816.1137
661.8934
530.2522
448.5384
436.5189
319.5446
375.9424
299.1812
291.1478
271.757
302.3304
295.1557
287.9334
306.0605
355.9528
355.331
355.224
323.7228
335.0198
341.7486
341.1419
355.4547
365.1291
413.2344
422.2769
405.7152
428.1694
394.554
349.1805
284.5922
244.9768
213.937
166.0885
124.2138
82.56446
25.922
13.50076
0.4208146
0.01422644
 0
 0
 0
9.96921e+36
9.96921e+36
9.96921e+36
 0
 0
 0
 0
 0
 0
 0
 0
 0
 0
 0
 0
 0
 0
 0
9.96921e+36
9.96921e+36
9.96921e+36
509.6109
492.8524
625.9476
330.0662
335.4013
445.5503
537.8651
554.3458
702.9979
819.5262
675.1406
595.0028
342.5848
323.9441
339.5573
291.2655
384.4922
356.1268
393.4476
331.3134
418.1819
422.3795
544.2937
633.343
780.3115
830.6092
831.4915
986.3401
1182.322
1196.039
1172.074
1142.009
1019.686
886.5594
725.5926
618.1569
536.1331
541.7643
396.9039
469.2127
369.7307
356.078
301.6805
338.4956
332.8779
352.267
370.6768
435.6097
472.0999
477.1342
444.3079
450.0812
449.1085
454.3553
459.8795
463.1335
525.1898
522.533
498.779
509.8573
474.3054
424.3589
348.8473
301.387
264.9524
206.9342
153.9964
102.5719
29.37676
15.47477
0.4392172
0.01383384
 0
 0
 0
9.96921e+36
9.96921e+36
9.96921e+36
 0
 0
 0
 0
 0
 0
 0
 0
 0
 0
 0
 0
 0
 0
 0
9.96921e+36
9.96921e+36
9.96921e+36
509.6109
626.259
708.4944
352.4416
342.504
472.1285
589.0989
587.7728
675.0762
783.2495
619.1336
554.4064
289.6468
262.8353
300.2697
242.1787
353.813
306.0088
372.7854
278.8474
347.4384
337.6938
467.01
550.1825
719.7836
774.8793
781.4501
934.9709
1136.987
1162.451
1148.798
1138.676
988.9412
816.3616
667.5485
567.3009
512.6473
527.1194
360.9467
450.9894
338.3733
323.4051
274.2613
315.6403
302.5462
339.7627
355.9985
404.3771
430.601
440.5198
405.9163
420.6994
402.5385
421.311
433.6852
429.0905
491.6716
491.5489
470.2211
490.4173
464.11
427.1426
353.9637
308.8859
272.8102
217.082
161.0685
104.6298
29.48714
15.37619
0.4416915
0.01384101
 0
 0
 0
9.96921e+36
9.96921e+36
9.96921e+36
 0
 0
 0
 0
 0
 0
 0
 0
 0
 0
 0
 0
 0
 0
 0
9.96921e+36
9.96921e+36
9.96921e+36
509.6109
494.6011
622.3572
335.8487
336.8942
511.7844
615.2128
572.8018
700.4034
821.0595
676.9896
608.1597
350.3374
324.7458
346.8238
292.1732
385.0043
359.6539
407.3117
344.5118
420.6571
427.1445
549.0657
640.0765
782.674
828.4172
836.4657
983.829
1180.652
1201.349
1172.017
1142.008
1023.307
885.741
729.6093
620.9251
535.4497
545.3502
399.9193
471.7213
370.9928
359.4814
306.2588
338.5644
339.0978
352.354
373.5036
437.2687
473.3292
478.5741
447.8849
450.8647
456.0886
456.1918
460.7228
463.6193
526.7819
524.7198
499.3581
509.7633
474.5647
424.6738
348.8792
301.3773
265.087
206.9811
154.076
102.5274
29.37646
15.47628
0.4393333
0.01383384
 0
 0
 0
9.96921e+36
9.96921e+36
9.96921e+36
 0
 0
 0
 0
 0
 0
 0
 0
 0
 0
 0
 0
 0
 0
 0
9.96921e+36
9.96921e+36
9.96921e+36
509.6109
673.7377
770.5927
356.6565
357.045
487.2019
649.0894
581.2885
662.606
764.3505
595.3136
538.286
263.3025
252.4125
284.139
232.1115
346.9121
284.1459
355.3784
263.7885
322.5123
309.3289
443.9056
528.3496
702.2274
759.9431
774.6344
921.6057
1119.421
1161.335
1147.657
1137.292
982.4291
785.2535
649.7073
552.8765
504.4007
522.2426
351.008
441.8529
328.5421
312.5747
271.15
307.8107
301.7269
338.5332
350.7885
393.3435
419.3595
426.0602
399.3251
410.8202
394.218
415.9289
431.9914
422.5997
494.7406
494.1924
478.2579
499.6144
477.024
436.8448
355.1425
311.0536
275.6428
220.5478
162.8596
105.076
29.49069
15.37272
0.4416887
0.01384101
 0
 0
 0
9.96921e+36
9.96921e+36
9.96921e+36
 0
 0
 0
 0
 0
 0
 0
 0
 0
 0
 0
 0
 0
 0
 0
9.96921e+36
9.96921e+36
9.96921e+36
509.6109
685.366
773.1869
356.6217
357.045
491.3872
658.1385
589.1267
668.5315
767.4613
595.9008
539.6938
264.0703
254.4031
285.3166
233.5213
347.8751
287.2531
355.2678
263.0905
322.4857
309.0494
443.8297
528.2932
702.3152
763.8738
776.6155
922.0372
1124.59
1161.737
1150.671
1137.316
982.7772
786.0072
649.6093
553.6686
504.6377
522.8651
351.0529
441.5255
328.7482
312.4091
272.8034
307.8421
302.6421
338.9334
351.5458
394.1764
420.734
428.655
400.8614
413.3482
396.4379
419.2213
433.4449
424.2014
495.5823
498.8539
482.1046
503.3087
479.4001
437.533
355.4044
311.3633
276.0597
220.9768
163.0002
105.1719
29.36562
15.45414
0.4391152
0.01383384
 0
 0
 0
9.96921e+36
9.96921e+36
9.96921e+36
