 0
0.0001491701
0.02799246
0.02950578
0.01235999
0.01554573
0.04301312
0.2672955
0.1515958
0.6310108
0.1732865
0.6188582
0.4380294
1.692844
0.103821
9.96921e+36
9.96921e+36
9.96921e+36
0.4841276
1.115385
2.961397
1.389366
1.468163
2.596429
3.530135
3.995456
6.056792
8.144233
9.107807
11.71734
10.33484
9.333989
9.289785
8.837646
11.98582
12.85623
14.08211
11.55531
13.35688
12.6997
15.37736
18.40389
21.03361
27.24543
24.34036
28.96881
37.15106
36.89193
34.24574
30.64647
35.22464
26.81167
24.35529
19.15784
17.3122
17.13287
13.84469
20.58791
16.59621
16.041
14.95842
17.64497
18.98814
21.69936
26.15887
31.06915
32.85649
34.75242
31.20312
36.39975
40.19569
42.43581
47.0037
55.60543
67.54373
71.42325
77.35616
74.70931
63.83046
66.19265
60.21972
61.09079
62.08671
52.55576
43.57687
27.04354
10.28853
5.684327
0.7720698
0.3040675
0.5466655
0.3226443
0.04621525
9.96921e+36
9.96921e+36
9.96921e+36
 0
0.0001491701
0.02799246
0.02950578
0.01235999
0.01554573
0.04301389
0.2672984
0.1515958
0.6307739
0.167221
0.6175299
0.4369757
1.695029
0.1035126
9.96921e+36
9.96921e+36
9.96921e+36
0.8875621
1.704893
3.825589
1.826474
2.076957
5.539684
6.992661
8.671328
21.42253
22.79915
18.62381
21.26684
14.34255
13.23662
13.31868
12.48415
18.2501
24.59286
22.79094
20.16209
22.39473
18.10287
21.03997
29.90882
31.80407
45.84061
39.3703
59.29726
74.95444
60.77457
57.78403
36.51546
48.33682
52.76799
44.29937
32.37885
27.06827
30.8149
22.70144
50.50546
28.6831
33.52348
29.5493
29.90579
28.2429
30.58675
38.48883
41.99574
48.39735
53.83018
51.51286
59.93078
60.86988
61.28558
63.07605
71.41798
82.10465
83.91653
83.11884
78.40056
70.63773
71.95123
65.77785
66.40817
67.60693
52.42841
42.39001
21.60733
5.771182
3.788313
0.7573501
0.3022327
0.5454183
0.319223
0.04621528
9.96921e+36
9.96921e+36
9.96921e+36
 0
0.0001491701
0.02799246
0.02950578
0.01235999
0.01554573
0.04301389
0.2672984
0.1515958
0.630771
0.1673143
0.6175347
0.4369757
1.69509
0.1035024
9.96921e+36
9.96921e+36
9.96921e+36
0.9215367
2.303361
4.65484
1.962138
2.254607
6.526685
7.58587
9.210421
20.03235
21.8404
15.86628
18.67993
10.05854
10.17217
10.58315
9.216944
16.14365
20.82362
20.27
16.35567
18.2293
13.00967
17.35287
24.29504
28.4556
41.95032
35.15812
54.51203
69.19283
58.7198
54.85596
37.00254
47.44039
45.54361
39.45924
28.27453
25.21465
29.85878
20.0022
49.55494
25.27837
30.44403
26.61907
26.21691
23.5923
30.38336
35.07401
36.22737
40.30148
46.22833
45.11264
53.25488
49.33365
54.67082
57.32212
61.99717
75.07324
77.32159
78.48846
76.95413
71.80766
74.86044
68.88118
68.73792
70.30205
56.28156
43.59763
22.449
5.918638
3.858912
0.7610249
0.3018672
0.5454186
0.319223
0.04621528
9.96921e+36
9.96921e+36
9.96921e+36
 0
0.0001491701
0.02799246
0.02950578
0.01235999
0.01554573
0.04301389
0.2672984
0.1515958
0.6307739
0.167221
0.6175299
0.4369757
1.695029
0.1035126
9.96921e+36
9.96921e+36
9.96921e+36
0.8851654
1.700559
3.821758
1.82541
2.068866
5.477527
6.964383
8.673302
21.35066
22.79588
18.61653
21.23616
14.29693
13.29139
13.15205
12.35159
17.78508
24.49577
22.65474
20.06204
22.35788
18.0864
20.74485
29.78915
31.28724
45.11563
38.80847
57.8149
73.63689
59.27226
57.12405
36.16589
47.80494
52.12904
43.96817
32.30263
26.8297
30.63305
22.56403
50.38447
28.63729
33.44412
29.4196
29.77098
27.95318
30.48261
38.23481
42.05595
48.35417
53.86793
51.52622
59.91485
60.86775
61.2832
63.06003
71.44767
82.118
83.79322
83.19617
78.44741
70.65662
71.90711
65.73615
66.38573
67.55796
52.42332
42.37423
21.61558
5.764843
3.825696
0.7584417
0.3022329
0.5454183
0.319223
0.04621528
9.96921e+36
9.96921e+36
9.96921e+36
 0
0.0001491701
0.02799246
0.02950578
0.01235999
0.01554573
0.04301389
0.2672984
0.1515958
0.630771
0.1673144
0.6175347
0.4369757
1.69509
0.1035024
9.96921e+36
9.96921e+36
9.96921e+36
0.8485413
2.211948
4.507581
1.906929
2.130349
6.367577
7.224401
8.776945
19.61532
20.82107
14.7905
17.89813
9.166077
9.313786
9.560143
8.205896
14.89156
19.86447
19.01787
15.2851
16.89588
12.0016
15.84151
22.81429
26.29782
38.432
32.62943
51.57358
64.49986
54.01283
50.9808
33.06942
42.77677
42.6755
36.49038
26.55519
23.39302
27.98712
18.35816
47.34296
23.99787
28.9617
25.64738
24.56413
21.62565
28.18883
33.63491
34.69191
38.24916
44.3744
43.61683
51.42945
46.37465
51.28049
53.42087
58.0244
69.93066
71.71021
73.02735
71.48503
66.11964
68.99917
63.45672
64.09901
65.94842
53.24213
41.44905
21.36572
5.753037
3.754803
0.7596326
0.3018515
0.5454186
0.319223
0.04621528
9.96921e+36
9.96921e+36
9.96921e+36
 0
0.0001491701
0.02799246
0.02950578
0.01235999
0.01554573
0.04301389
0.2672984
0.1515958
0.6307739
0.1672395
0.6175299
0.4369757
1.695261
0.1035118
9.96921e+36
9.96921e+36
9.96921e+36
0.8526271
2.295196
4.554766
1.915314
2.150004
6.523884
7.526093
8.971345
19.64674
20.90058
14.88044
17.97266
9.317801
9.35879
9.711868
8.416249
15.19621
19.98787
19.23158
15.1949
17.02361
12.02807
16.03337
22.86715
26.53088
39.00632
33.36007
51.8726
64.92537
54.30688
51.18609
33.21667
43.37407
42.7587
36.67061
26.66612
23.4983
28.20448
18.51572
47.49938
25.0199
28.9959
25.90206
24.78281
22.01884
28.27236
34.02138
34.8674
38.58532
44.74361
43.97676
51.76701
46.95058
51.95676
53.93324
58.58979
70.77041
72.68649
73.95402
72.27461
66.75671
69.55347
64.02
64.5904
66.44356
53.64508
41.88552
21.53758
5.791975
3.79162
0.7616951
0.3022248
0.5454183
0.3192227
0.04621528
9.96921e+36
9.96921e+36
9.96921e+36
