 0
1.36414e-05
0.002559602
0.002697567
0.001129915
0.00142111
0.003932186
0.02443725
0.01385739
0.05764824
0.01582352
0.05655112
0.04002169
0.154677
0.009492766
9.96921e+36
9.96921e+36
9.96921e+36
0.0442421
0.1019548
0.2705109
0.1269281
0.13416
0.2372087
0.3224522
0.3650706
0.553282
0.7441888
0.8320649
1.07106
0.9446545
0.8531918
0.8491483
0.8076776
1.095261
1.174901
1.286621
1.056186
1.220743
1.161028
1.405239
1.681767
1.921885
2.489372
2.223909
2.647209
3.394717
3.370812
3.128996
2.800123
3.217874
2.449913
2.225156
1.750645
1.582074
1.566014
1.26536
1.88056
1.516136
1.465788
1.367374
1.612824
1.735615
1.983339
2.390766
2.839331
3.002592
3.176081
2.851619
3.326115
3.672091
3.876737
4.293793
5.078648
6.167827
6.521679
7.061421
6.819348
5.826804
6.042137
5.496642
5.575351
5.665556
4.796004
3.976259
2.467345
0.9384853
0.5186295
0.07039649
0.02766429
0.04980485
0.02935999
0.004201572
9.96921e+36
9.96921e+36
9.96921e+36
 0
1.36414e-05
0.002559602
0.002697567
0.001129915
0.00142111
0.003932257
0.0244375
0.01385739
0.05762676
0.0152762
0.0564301
0.03992562
0.1548738
0.00946346
9.96921e+36
9.96921e+36
9.96921e+36
0.08113021
0.1558755
0.349644
0.166937
0.1898918
0.5066547
0.639245
0.793122
1.959644
2.08408
1.701789
1.944778
1.311077
1.210143
1.217718
1.140913
1.668227
2.249308
2.082867
1.843836
2.047666
1.654397
1.923415
2.733596
2.907593
4.190417
3.598556
5.422666
6.85393
5.555897
5.284264
3.336508
4.418009
4.826021
4.04943
2.959661
2.474216
2.817226
2.076319
4.615085
2.621203
3.064363
2.703756
2.734515
2.581842
2.796236
3.518878
3.838697
4.42432
4.920942
4.708734
5.477197
5.562335
5.600942
5.76394
6.525826
7.502002
7.667654
7.592897
7.160887
6.452027
6.572262
6.007422
6.06354
6.171998
4.786854
3.869525
1.972092
0.5265679
0.3456961
0.06905384
0.02749771
0.04969147
0.02904896
0.004201575
9.96921e+36
9.96921e+36
9.96921e+36
 0
1.36414e-05
0.002559602
0.002697567
0.001129915
0.00142111
0.003932257
0.0244375
0.01385739
0.05762644
0.01528468
0.05643053
0.03992571
0.1548794
0.009462702
9.96921e+36
9.96921e+36
9.96921e+36
0.08427872
0.2106506
0.4255663
0.1793659
0.2061793
0.5970985
0.6936899
0.8426804
1.832857
1.99733
1.450518
1.70897
0.920286
0.9308549
0.9685289
0.8430072
1.476603
1.905635
1.853053
1.496494
1.668202
1.189908
1.58754
2.221682
2.60315
3.836909
3.21551
4.987339
6.331749
5.370662
5.019134
3.382795
4.337625
4.168032
3.609038
2.58604
2.306153
2.730893
1.830863
4.529442
2.310647
2.783366
2.435958
2.398731
2.158548
2.778938
3.208092
3.312752
3.68578
4.227672
4.124904
4.868699
4.510959
4.999669
5.241401
5.66829
6.863441
7.068868
7.173576
7.032352
6.562356
6.841433
6.294064
6.279441
6.421134
5.140846
3.981757
2.049651
0.5401307
0.3521888
0.06938878
0.02746422
0.04969149
0.02904896
0.004201575
9.96921e+36
9.96921e+36
9.96921e+36
 0
1.36414e-05
0.002559602
0.002697567
0.001129915
0.00142111
0.003932257
0.0244375
0.01385739
0.05762676
0.0152762
0.0564301
0.03992562
0.1548738
0.00946346
9.96921e+36
9.96921e+36
9.96921e+36
0.08090439
0.1554753
0.3492685
0.1668409
0.1891501
0.5008925
0.6366221
0.7933376
1.953123
2.083777
1.701078
1.941983
1.306719
1.214862
1.202301
1.128646
1.625438
2.240231
2.069903
1.834455
2.044152
1.652794
1.896006
2.722394
2.859861
4.123967
3.547103
5.286691
6.733851
5.418755
5.22405
3.304258
4.368645
4.767654
4.018425
2.952458
2.451726
2.800086
2.06333
4.603837
2.616762
3.056837
2.691649
2.722056
2.554594
2.786246
3.495284
3.844015
4.420165
4.92428
4.709864
5.475606
5.56196
5.600597
5.762358
6.528464
7.50307
7.656349
7.599932
7.165137
6.453723
6.568194
6.003585
6.061429
6.167493
4.786295
3.86805
1.972794
0.5259787
0.3491009
0.06915364
0.02749773
0.04969147
0.02904896
0.004201575
9.96921e+36
9.96921e+36
9.96921e+36
 0
1.36414e-05
0.002559602
0.002697567
0.001129915
0.00142111
0.003932257
0.0244375
0.01385739
0.05762644
0.01528468
0.05643053
0.03992571
0.1548794
0.009462702
9.96921e+36
9.96921e+36
9.96921e+36
0.07757211
0.2023018
0.4120903
0.1743133
0.1948008
0.582567
0.6603934
0.8029172
1.794469
1.903869
1.351756
1.637178
0.8381439
0.8516929
0.8743924
0.7500514
1.361362
1.817481
1.737814
1.398011
1.545565
1.097282
1.448427
2.085505
2.404488
3.513921
2.983853
4.71782
5.901093
4.939135
4.663475
3.021621
3.909548
3.905134
3.335767
2.428355
2.138528
2.558876
1.67969
4.326976
2.19322
2.647427
2.34645
2.246544
1.977257
2.577162
3.075753
3.171936
3.497453
4.057609
3.987791
4.701253
4.239433
4.688385
4.883293
5.303739
6.391521
6.553795
6.672474
6.530899
6.040588
6.303569
5.796482
5.854448
6.022613
4.862954
3.785374
1.950647
0.5250242
0.3427031
0.06926474
0.02746289
0.04969149
0.02904896
0.004201575
9.96921e+36
9.96921e+36
9.96921e+36
 0
1.36414e-05
0.002559602
0.002697567
0.001129915
0.00142111
0.003932257
0.0244375
0.01385739
0.05762676
0.0152779
0.05643009
0.03992562
0.154895
0.009463392
9.96921e+36
9.96921e+36
9.96921e+36
0.07794192
0.2098879
0.4163866
0.1750747
0.1965852
0.5968288
0.6878942
0.8206722
1.797304
1.91098
1.359901
1.643967
0.8519423
0.8558041
0.8881908
0.7691911
1.389067
1.828722
1.757249
1.389673
1.557203
1.099673
1.465847
2.090266
2.425639
3.566178
3.050161
4.744861
5.939673
4.96581
4.681993
3.034912
3.963864
3.912619
3.352092
2.438419
2.14811
2.578649
1.693964
4.341148
2.286362
2.650516
2.369669
2.266401
2.012977
2.584726
3.110895
3.187897
3.528048
4.091351
4.020598
4.73208
4.2919
4.750066
4.929928
5.355186
6.468172
6.642801
6.756895
6.602839
6.098573
6.353956
5.847668
5.899106
6.067616
4.899593
3.825059
1.966273
0.5285634
0.34605
0.06945296
0.02749712
0.04969147
0.02904894
0.004201575
9.96921e+36
9.96921e+36
9.96921e+36
