1850
1850.083
1850.166
1850.249
1850.331
1850.414
1850.497
1850.58
1850.663
1850.745
1850.828
1850.911
1850.994
1851.077
1851.16
1851.242
1851.325
1851.408
1851.491
1851.574
1851.656
1851.739
1851.822
1851.905
1851.988
1852.071
1852.154
1852.236
1852.319
1852.402
1852.485
1852.568
1852.651
1852.733
1852.816
1852.899
1852.982
1853.065
1853.147
1853.23
1853.313
1853.396
1853.479
1853.562
1853.644
1853.727
1853.81
1853.893
1853.976
1854.058
1854.141
1854.224
1854.307
1854.39
1854.473
1854.556
1854.638
1854.721
1854.804
1854.887
1854.97
1855.052
1855.135
1855.218
1855.301
1855.384
1855.467
1855.549
1855.632
1855.715
1855.798
1855.881
1855.964
1856.046
1856.129
1856.212
1856.295
1856.378
1856.461
1856.543
1856.626
1856.709
1856.792
1856.875
1856.958
1857.04
1857.123
1857.206
1857.289
1857.372
1857.454
1857.537
1857.62
1857.703
1857.786
1857.869
1857.951
1858.034
1858.117
1858.2
1858.283
1858.366
1858.448
1858.531
1858.614
1858.697
1858.78
1858.863
1858.945
1859.028
1859.111
1859.194
1859.277
1859.359
1859.442
1859.525
1859.608
1859.691
1859.774
1859.856
1859.939
1860.022
1860.105
1860.188
1860.271
1860.353
1860.436
1860.519
1860.602
1860.685
1860.768
1860.85
1860.933
1861.016
1861.099
1861.182
1861.265
1861.347
1861.43
1861.513
1861.596
1861.679
1861.761
1861.844
1861.927
1862.01
1862.093
1862.176
1862.258
1862.341
1862.424
1862.507
1862.59
1862.673
1862.755
1862.838
1862.921
1863.004
1863.087
1863.17
1863.252
1863.335
1863.418
1863.501
1863.584
1863.667
1863.749
1863.832
1863.915
1863.998
1864.081
1864.163
1864.246
1864.329
1864.412
1864.495
1864.578
1864.66
1864.743
1864.826
1864.909
1864.992
1865.075
1865.157
1865.24
1865.323
1865.406
1865.489
1865.572
1865.654
1865.737
1865.82
1865.903
1865.986
1866.068
1866.151
1866.234
1866.317
1866.4
1866.483
1866.565
1866.648
1866.731
1866.814
1866.897
1866.98
1867.062
1867.145
1867.228
1867.311
1867.394
1867.477
1867.559
1867.642
1867.725
1867.808
1867.891
1867.974
1868.056
1868.139
1868.222
1868.305
1868.388
1868.47
1868.553
1868.636
1868.719
1868.802
1868.885
1868.967
1869.05
1869.133
1869.216
1869.299
1869.382
1869.464
1869.547
1869.63
1869.713
1869.796
1869.879
1869.961
1870.044
1870.127
1870.21
1870.293
1870.375
1870.458
1870.541
1870.624
1870.707
1870.79
1870.872
1870.955
1871.038
1871.121
1871.204
1871.287
1871.369
1871.452
1871.535
1871.618
1871.701
1871.784
1871.866
1871.949
1872.032
1872.115
1872.198
1872.281
1872.363
1872.446
1872.529
1872.612
1872.695
1872.777
1872.86
1872.943
1873.026
1873.109
1873.192
1873.274
1873.357
1873.44
1873.523
1873.606
1873.689
1873.771
1873.854
1873.937
1874.02
1874.103
1874.186
1874.268
1874.351
1874.434
1874.517
1874.6
1874.682
1874.765
1874.848
1874.931
1875.014
1875.097
1875.179
1875.262
1875.345
1875.428
1875.511
1875.594
1875.676
1875.759
1875.842
1875.925
1876.008
1876.091
1876.173
1876.256
1876.339
1876.422
1876.505
1876.588
1876.67
1876.753
1876.836
1876.919
1877.002
1877.084
1877.167
1877.25
1877.333
1877.416
1877.499
1877.581
1877.664
1877.747
1877.83
1877.913
1877.996
1878.078
1878.161
1878.244
1878.327
1878.41
1878.493
1878.575
1878.658
1878.741
1878.824
1878.907
1878.99
1879.072
1879.155
1879.238
1879.321
1879.404
1879.486
1879.569
1879.652
1879.735
1879.818
1879.901
1879.983
1880.066
1880.149
1880.232
1880.315
1880.398
1880.48
1880.563
1880.646
1880.729
1880.812
1880.895
1880.977
1881.06
1881.143
1881.226
1881.309
1881.391
1881.474
1881.557
1881.64
1881.723
1881.806
1881.888
1881.971
1882.054
1882.137
1882.22
1882.303
1882.385
1882.468
1882.551
1882.634
1882.717
1882.8
1882.882
1882.965
1883.048
1883.131
1883.214
1883.297
1883.379
1883.462
1883.545
1883.628
1883.711
1883.793
1883.876
1883.959
1884.042
1884.125
1884.208
1884.29
1884.373
1884.456
1884.539
1884.622
1884.705
1884.787
1884.87
1884.953
1885.036
1885.119
1885.202
1885.284
1885.367
1885.45
1885.533
1885.616
1885.698
1885.781
1885.864
1885.947
1886.03
1886.113
1886.195
1886.278
1886.361
1886.444
1886.527
1886.61
1886.692
1886.775
1886.858
1886.941
1887.024
1887.107
1887.189
1887.272
1887.355
1887.438
1887.521
1887.604
1887.686
1887.769
1887.852
1887.935
1888.018
1888.1
1888.183
1888.266
1888.349
1888.432
1888.515
1888.597
1888.68
1888.763
1888.846
1888.929
1889.012
1889.094
1889.177
1889.26
1889.343
1889.426
1889.509
1889.591
1889.674
1889.757
1889.84
1889.923
1890.005
1890.088
1890.171
1890.254
1890.337
1890.42
1890.502
1890.585
1890.668
1890.751
1890.834
1890.917
1890.999
1891.082
1891.165
1891.248
1891.331
1891.414
1891.496
1891.579
1891.662
1891.745
1891.828
1891.911
1891.993
1892.076
1892.159
1892.242
1892.325
1892.407
1892.49
1892.573
1892.656
1892.739
1892.822
1892.904
1892.987
1893.07
1893.153
1893.236
1893.319
1893.401
1893.484
1893.567
1893.65
1893.733
1893.816
1893.898
1893.981
1894.064
1894.147
1894.23
1894.312
1894.395
1894.478
1894.561
1894.644
1894.727
1894.809
1894.892
1894.975
1895.058
1895.141
1895.224
1895.307
1895.389
1895.472
1895.555
1895.638
1895.721
1895.803
1895.886
1895.969
1896.052
1896.135
1896.218
1896.3
1896.383
1896.466
1896.549
1896.632
1896.714
1896.797
1896.88
1896.963
1897.046
1897.129
1897.211
1897.294
1897.377
1897.46
1897.543
1897.626
1897.708
1897.791
1897.874
1897.957
1898.04
1898.123
1898.205
1898.288
1898.371
1898.454
1898.537
1898.62
1898.702
1898.785
1898.868
1898.951
1899.034
1899.116
1899.199
1899.282
1899.365
1899.448
1899.531
1899.614
1899.696
1899.779
1899.862
1899.945
1900.028
1900.11
1900.193
1900.276
1900.359
1900.442
1900.525
1900.607
1900.69
1900.773
1900.856
1900.939
1901.021
1901.104
1901.187
1901.27
1901.353
1901.436
1901.519
1901.601
1901.684
1901.767
1901.85
1901.933
1902.016
1902.098
1902.181
1902.264
1902.347
1902.43
1902.512
1902.595
1902.678
1902.761
1902.844
1902.927
1903.009
1903.092
1903.175
1903.258
1903.341
1903.423
1903.506
1903.589
1903.672
1903.755
1903.838
1903.921
1904.003
1904.086
1904.169
1904.252
1904.335
1904.417
1904.5
1904.583
1904.666
1904.749
1904.832
1904.914
1904.997
1905.08
1905.163
1905.246
1905.328
1905.411
1905.494
1905.577
1905.66
1905.743
1905.826
1905.908
1905.991
1906.074
1906.157
1906.24
1906.323
1906.405
1906.488
1906.571
1906.654
1906.737
1906.819
1906.902
1906.985
1907.068
1907.151
1907.234
1907.316
1907.399
1907.482
1907.565
1907.648
1907.731
1907.813
1907.896
1907.979
1908.062
1908.145
1908.228
1908.31
1908.393
1908.476
1908.559
1908.642
1908.724
1908.807
1908.89
1908.973
1909.056
1909.139
1909.221
1909.304
1909.387
1909.47
1909.553
1909.636
1909.718
1909.801
1909.884
1909.967
1910.05
1910.133
1910.215
1910.298
1910.381
1910.464
1910.547
1910.63
1910.712
1910.795
1910.878
1910.961
1911.044
1911.126
1911.209
1911.292
1911.375
1911.458
1911.541
1911.623
1911.706
1911.789
1911.872
1911.955
1912.038
1912.12
1912.203
1912.286
1912.369
1912.452
1912.535
1912.617
1912.7
1912.783
1912.866
1912.949
1913.031
1913.114
1913.197
1913.28
1913.363
1913.446
1913.528
1913.611
1913.694
1913.777
1913.86
1913.943
1914.025
1914.108
1914.191
1914.274
1914.357
1914.44
1914.522
1914.605
1914.688
1914.771
1914.854
1914.937
1915.019
1915.102
1915.185
1915.268
1915.351
1915.433
1915.516
1915.599
1915.682
1915.765
1915.848
1915.93
1916.013
1916.096
1916.179
1916.262
1916.345
1916.427
1916.51
1916.593
1916.676
1916.759
1916.842
1916.924
1917.007
1917.09
1917.173
1917.256
1917.339
1917.421
1917.504
1917.587
1917.67
1917.753
1917.835
1917.918
1918.001
1918.084
1918.167
1918.25
1918.332
1918.415
1918.498
1918.581
1918.664
1918.747
1918.829
1918.912
1918.995
1919.078
1919.161
1919.244
1919.326
1919.409
1919.492
1919.575
1919.658
1919.74
1919.823
1919.906
1919.989
1920.072
1920.155
1920.237
1920.32
1920.403
1920.486
1920.569
1920.652
1920.734
1920.817
1920.9
1920.983
1921.066
1921.149
1921.231
1921.314
1921.397
1921.48
1921.563
1921.646
1921.728
1921.811
1921.894
1921.977
1922.06
1922.142
1922.225
1922.308
1922.391
1922.474
1922.557
1922.639
1922.722
1922.805
1922.888
1922.971
1923.054
1923.136
1923.219
1923.302
1923.385
1923.468
1923.551
1923.633
1923.716
1923.799
1923.882
1923.965
1924.047
1924.13
1924.213
1924.296
1924.379
1924.462
1924.544
1924.627
1924.71
1924.793
1924.876
1924.959
1925.041
1925.124
1925.207
1925.29
1925.373
1925.456
1925.538
1925.621
1925.704
1925.787
1925.87
1925.953
1926.035
1926.118
1926.201
1926.284
1926.367
1926.449
1926.532
1926.615
1926.698
1926.781
1926.864
1926.946
1927.029
1927.112
1927.195
1927.278
1927.361
1927.443
1927.526
1927.609
1927.692
1927.775
1927.858
1927.94
1928.023
1928.106
1928.189
1928.272
1928.354
1928.437
1928.52
1928.603
1928.686
1928.769
1928.851
1928.934
1929.017
1929.1
1929.183
1929.266
1929.348
1929.431
1929.514
1929.597
1929.68
1929.763
1929.845
1929.928
1930.011
1930.094
1930.177
1930.26
1930.342
1930.425
1930.508
1930.591
1930.674
1930.756
1930.839
1930.922
1931.005
1931.088
1931.171
1931.253
1931.336
1931.419
1931.502
1931.585
1931.668
1931.75
1931.833
1931.916
1931.999
1932.082
1932.165
1932.247
1932.33
1932.413
1932.496
1932.579
1932.661
1932.744
1932.827
1932.91
1932.993
1933.076
1933.158
1933.241
1933.324
1933.407
1933.49
1933.573
1933.655
1933.738
1933.821
1933.904
1933.987
1934.07
1934.152
1934.235
1934.318
1934.401
1934.484
1934.567
1934.649
1934.732
1934.815
1934.898
1934.981
1935.063
1935.146
1935.229
1935.312
1935.395
1935.478
1935.56
1935.643
1935.726
1935.809
1935.892
1935.975
1936.057
1936.14
1936.223
1936.306
1936.389
1936.472
1936.554
1936.637
1936.72
1936.803
1936.886
1936.969
1937.051
1937.134
1937.217
1937.3
1937.383
1937.465
1937.548
1937.631
1937.714
1937.797
1937.88
1937.962
1938.045
1938.128
1938.211
1938.294
1938.377
1938.459
1938.542
1938.625
1938.708
1938.791
1938.874
1938.956
1939.039
1939.122
1939.205
1939.288
1939.37
1939.453
1939.536
1939.619
1939.702
1939.785
1939.867
1939.95
1940.033
1940.116
1940.199
1940.282
1940.364
1940.447
1940.53
1940.613
1940.696
1940.779
1940.861
1940.944
1941.027
1941.11
1941.193
1941.276
1941.358
1941.441
1941.524
1941.607
1941.69
1941.772
1941.855
1941.938
1942.021
1942.104
1942.187
1942.269
1942.352
1942.435
1942.518
1942.601
1942.684
1942.766
1942.849
1942.932
1943.015
1943.098
1943.181
1943.263
1943.346
1943.429
1943.512
1943.595
1943.677
1943.76
1943.843
1943.926
1944.009
1944.092
1944.174
1944.257
1944.34
1944.423
1944.506
1944.589
1944.672
1944.754
1944.837
1944.92
1945.003
1945.086
1945.168
1945.251
1945.334
1945.417
1945.5
1945.583
1945.665
1945.748
1945.831
1945.914
1945.997
1946.079
1946.162
1946.245
1946.328
1946.411
1946.494
1946.577
1946.659
1946.742
1946.825
1946.908
1946.991
1947.073
1947.156
1947.239
1947.322
1947.405
1947.488
1947.57
1947.653
1947.736
1947.819
1947.902
1947.984
1948.067
1948.15
1948.233
1948.316
1948.399
1948.481
1948.564
1948.647
1948.73
1948.813
1948.896
1948.979
1949.061
1949.144
1949.227
1949.31
1949.393
1949.475
1949.558
1949.641
1949.724
1949.807
1949.89
1949.972
1950.055
1950.138
1950.221
1950.304
1950.386
1950.469
1950.552
1950.635
1950.718
1950.801
1950.884
1950.966
1951.049
1951.132
1951.215
1951.298
1951.38
1951.463
1951.546
1951.629
1951.712
1951.795
1951.877
1951.96
1952.043
1952.126
1952.209
1952.292
1952.374
1952.457
1952.54
1952.623
1952.706
1952.789
1952.871
1952.954
1953.037
1953.12
1953.203
1953.286
1953.368
1953.451
1953.534
1953.617
1953.7
1953.782
1953.865
1953.948
1954.031
1954.114
1954.197
1954.279
1954.362
1954.445
1954.528
1954.611
1954.693
1954.776
1954.859
1954.942
1955.025
1955.108
1955.191
1955.273
1955.356
1955.439
1955.522
1955.605
1955.688
1955.77
1955.853
1955.936
1956.019
1956.102
1956.184
1956.267
1956.35
1956.433
1956.516
1956.599
1956.681
1956.764
1956.847
1956.93
1957.013
1957.096
1957.178
1957.261
1957.344
1957.427
1957.51
1957.593
1957.675
1957.758
1957.841
1957.924
1958.007
1958.089
1958.172
1958.255
1958.338
1958.421
1958.504
1958.586
1958.669
1958.752
1958.835
1958.918
1959.001
1959.083
1959.166
1959.249
1959.332
1959.415
1959.498
1959.58
1959.663
1959.746
1959.829
1959.912
1959.995
1960.077
1960.16
1960.243
1960.326
1960.409
1960.491
1960.574
1960.657
1960.74
1960.823
1960.906
1960.988
1961.071
1961.154
1961.237
1961.32
1961.403
1961.485
1961.568
1961.651
1961.734
1961.817
1961.9
1961.982
1962.065
1962.148
1962.231
1962.314
1962.396
1962.479
1962.562
1962.645
1962.728
1962.811
1962.893
1962.976
1963.059
1963.142
1963.225
1963.308
1963.39
1963.473
1963.556
1963.639
1963.722
1963.805
1963.887
1963.97
1964.053
1964.136
1964.219
1964.302
1964.384
1964.467
1964.55
1964.633
1964.716
1964.798
1964.881
1964.964
1965.047
1965.13
1965.213
1965.295
1965.378
1965.461
1965.544
1965.627
1965.71
1965.792
1965.875
1965.958
1966.041
1966.124
1966.207
1966.289
1966.372
1966.455
1966.538
1966.621
1966.703
1966.786
1966.869
1966.952
1967.035
1967.118
1967.2
1967.283
1967.366
1967.449
1967.532
1967.615
1967.697
1967.78
1967.863
1967.946
1968.029
1968.112
1968.194
1968.277
1968.36
1968.443
1968.526
1968.609
1968.691
1968.774
1968.857
1968.94
1969.023
1969.105
1969.188
1969.271
1969.354
1969.437
1969.52
1969.602
1969.685
1969.768
1969.851
1969.934
1970.017
1970.099
1970.182
1970.265
1970.348
1970.431
1970.514
1970.596
1970.679
1970.762
1970.845
1970.928
1971.01
1971.093
1971.176
1971.259
1971.342
1971.425
1971.507
1971.59
1971.673
1971.756
1971.839
1971.922
1972.004
1972.087
1972.17
1972.253
1972.336
1972.419
1972.501
1972.584
1972.667
1972.75
1972.833
1972.916
1972.998
1973.081
1973.164
1973.247
1973.33
1973.412
1973.495
1973.578
1973.661
1973.744
1973.827
1973.909
1973.992
1974.075
1974.158
1974.241
1974.324
1974.406
1974.489
1974.572
1974.655
1974.738
1974.821
1974.903
1974.986
1975.069
1975.152
1975.235
1975.318
1975.4
1975.483
1975.566
1975.649
1975.732
1975.814
1975.897
1975.98
1976.063
1976.146
1976.229
1976.311
1976.394
1976.477
1976.56
1976.643
1976.726
1976.808
1976.891
1976.974
1977.057
1977.14
1977.223
1977.305
1977.388
1977.471
1977.554
1977.637
1977.719
1977.802
1977.885
1977.968
1978.051
1978.134
1978.216
1978.299
1978.382
1978.465
1978.548
1978.631
1978.713
1978.796
1978.879
1978.962
1979.045
1979.128
1979.21
1979.293
1979.376
1979.459
1979.542
1979.625
1979.707
1979.79
1979.873
1979.956
1980.039
1980.121
1980.204
1980.287
1980.37
1980.453
1980.536
1980.618
1980.701
1980.784
1980.867
1980.95
1981.033
1981.115
1981.198
1981.281
1981.364
1981.447
1981.53
1981.612
1981.695
1981.778
1981.861
1981.944
1982.026
1982.109
1982.192
1982.275
1982.358
1982.441
1982.523
1982.606
1982.689
1982.772
1982.855
1982.938
1983.02
1983.103
1983.186
1983.269
1983.352
1983.435
1983.517
1983.6
1983.683
1983.766
1983.849
1983.932
1984.014
1984.097
1984.18
1984.263
1984.346
1984.428
1984.511
1984.594
1984.677
1984.76
1984.843
1984.925
1985.008
1985.091
1985.174
1985.257
1985.34
1985.422
1985.505
1985.588
1985.671
1985.754
1985.837
1985.919
1986.002
1986.085
1986.168
1986.251
1986.333
1986.416
1986.499
1986.582
1986.665
1986.748
1986.83
1986.913
1986.996
1987.079
1987.162
1987.245
1987.327
1987.41
1987.493
1987.576
1987.659
1987.742
1987.824
1987.907
1987.99
1988.073
1988.156
1988.239
1988.321
1988.404
1988.487
1988.57
1988.653
1988.735
1988.818
1988.901
1988.984
1989.067
1989.15
1989.232
1989.315
1989.398
1989.481
1989.564
1989.647
1989.729
1989.812
1989.895
1989.978
1990.061
1990.144
1990.226
1990.309
1990.392
1990.475
1990.558
1990.641
1990.723
1990.806
1990.889
1990.972
1991.055
1991.137
1991.22
1991.303
1991.386
1991.469
1991.552
1991.634
1991.717
1991.8
1991.883
1991.966
1992.049
1992.131
1992.214
1992.297
1992.38
1992.463
1992.546
1992.628
1992.711
1992.794
1992.877
1992.96
1993.042
1993.125
1993.208
1993.291
1993.374
1993.457
1993.539
1993.622
1993.705
1993.788
1993.871
1993.954
1994.036
1994.119
1994.202
1994.285
1994.368
1994.451
1994.533
1994.616
1994.699
1994.782
1994.865
1994.948
1995.03
1995.113
1995.196
1995.279
1995.362
1995.444
1995.527
1995.61
1995.693
1995.776
1995.859
1995.942
1996.024
1996.107
1996.19
1996.273
1996.356
1996.438
1996.521
1996.604
1996.687
1996.77
1996.853
1996.935
1997.018
1997.101
1997.184
1997.267
1997.349
1997.432
1997.515
1997.598
1997.681
1997.764
1997.846
1997.929
1998.012
1998.095
1998.178
1998.261
1998.344
1998.426
1998.509
1998.592
1998.675
1998.758
1998.84
1998.923
1999.006
1999.089
1999.172
1999.255
1999.337
1999.42
1999.503
1999.586
1999.669
1999.751
1999.834
1999.917
2000
