 0
 0
 0
 0
 0
 0
 0
 0
 0
 0
 0
 0
 0
 0
 0
9.96921e+36
9.96921e+36
9.96921e+36
0.9506242
1.133114
0.8410391
0.3943093
0.7496465
1.883494
2.549107
2.377302
3.343175
3.519515
2.604743
2.342965
1.471504
1.634408
1.595546
1.391057
1.663253
1.76482
1.881127
1.535665
1.728742
1.521165
1.904293
2.128875
2.782468
3.66029
3.909082
4.849516
6.484989
6.664549
6.508408
6.781336
6.118985
4.864356
3.773579
2.821536
2.155621
2.190321
1.569182
2.172404
1.565905
1.733984
1.786219
1.996182
2.19281
2.471289
2.608224
2.831168
2.373607
2.043674
2.115007
2.457292
2.980145
2.944983
3.215247
3.55891
4.370167
4.644708
4.707976
5.182068
5.215545
4.952771
4.071106
3.524245
3.018901
2.258624
1.575637
1.007155
0.2713707
0.1153844
0.00193134
3.304752e-05
 0
 0
 0
9.96921e+36
9.96921e+36
9.96921e+36
 0
 0
 0
 0
 0
 0
 0
 0
 0
 0
 0
 0
 0
 0
 0
9.96921e+36
9.96921e+36
9.96921e+36
1.787982
1.918829
1.280775
0.7162246
1.297444
2.474634
3.149249
3.240644
4.519942
5.397233
3.505275
2.982245
1.707906
2.003549
1.955537
1.627784
1.950345
2.089364
2.367127
1.740095
2.393892
1.708429
2.493438
2.344973
3.298136
4.399697
4.444927
5.334186
7.074434
7.167393
6.763421
7.339942
7.252509
5.769921
4.511476
3.530636
2.819954
2.798259
1.981353
2.893711
2.079168
2.208489
2.025987
2.295064
2.657634
3.28013
3.494379
3.724857
3.222478
2.74715
3.03626
3.526315
4.275728
4.156451
4.316913
4.567136
5.49819
5.89767
6.051117
6.84128
6.875915
6.440822
5.222627
4.469592
3.826044
2.833639
1.960684
1.25187
0.3075193
0.1303379
0.001976071
3.191279e-05
 0
 0
 0
9.96921e+36
9.96921e+36
9.96921e+36
 0
 0
 0
 0
 0
 0
 0
 0
 0
 0
 0
 0
 0
 0
 0
9.96921e+36
9.96921e+36
9.96921e+36
1.787982
2.715184
1.592353
0.8037407
1.329472
2.644341
3.488639
3.56476
4.325794
5.192662
3.292037
2.769827
1.558714
1.71894
1.818856
1.447922
1.871239
1.879272
2.293997
1.613116
2.21363
1.564517
2.448838
2.246602
3.266715
4.2268
4.305906
5.121982
6.82478
6.94986
6.615587
7.3339
7.089561
5.348583
4.313049
3.358829
2.741374
2.764642
1.860108
2.851845
1.9354
2.068224
1.822215
2.141786
2.381598
3.189873
3.366559
3.424315
2.960052
2.627341
2.83198
3.371269
3.892067
3.923914
4.15352
4.363087
5.286075
5.811842
5.873639
6.657047
6.74374
6.464858
5.298778
4.582011
3.94213
2.96913
2.046898
1.275283
0.3077204
0.1292465
0.001985709
3.171083e-05
 0
 0
 0
9.96921e+36
9.96921e+36
9.96921e+36
 0
 0
 0
 0
 0
 0
 0
 0
 0
 0
 0
 0
 0
 0
 0
9.96921e+36
9.96921e+36
9.96921e+36
1.787982
1.940363
1.265409
0.729319
1.302466
2.921431
3.777487
3.426116
4.501688
5.406976
3.532366
3.065129
1.752853
2.008499
1.993217
1.637975
1.951155
2.1182
2.463475
1.799635
2.398699
1.711904
2.49291
2.340357
3.304574
4.369416
4.431484
5.306618
7.064967
7.198421
6.762806
7.339976
7.289886
5.742637
4.52891
3.539383
2.81635
2.81285
1.993411
2.907764
2.082358
2.226034
2.064792
2.296105
2.715169
3.280985
3.542537
3.757421
3.231375
2.756105
3.043883
3.534633
4.345726
4.176627
4.324454
4.559932
5.533517
5.930032
6.057265
6.845834
6.878722
6.447445
5.225773
4.469128
3.827746
2.835196
1.961854
1.251436
0.3074741
0.1303494
0.001977944
3.191279e-05
 0
 0
 0
9.96921e+36
9.96921e+36
9.96921e+36
 0
 0
 0
 0
 0
 0
 0
 0
 0
 0
 0
 0
 0
 0
 0
9.96921e+36
9.96921e+36
9.96921e+36
1.787982
3.055975
1.840194
0.8226027
1.413486
2.742234
4.068537
3.514009
4.268619
5.06278
3.159005
2.681574
1.452755
1.698358
1.750782
1.429617
1.845087
1.74912
2.181028
1.548793
2.161741
1.492413
2.416264
2.242427
3.260366
4.181544
4.29591
5.08319
6.717063
6.963823
6.64031
7.326777
7.029564
5.212748
4.249711
3.314524
2.720814
2.757205
1.833403
2.829098
1.920566
2.050705
1.833241
2.102931
2.411
3.193661
3.344649
3.342473
2.893838
2.586082
2.811495
3.352459
3.881953
3.934259
4.161079
4.33558
5.375709
5.917361
6.009467
6.811774
6.954958
6.627948
5.313591
4.613362
3.985192
3.013733
2.066144
1.280171
0.3077056
0.1291907
0.001985404
3.171083e-05
 0
 0
 0
9.96921e+36
9.96921e+36
9.96921e+36
 0
 0
 0
 0
 0
 0
 0
 0
 0
 0
 0
 0
 0
 0
 0
9.96921e+36
9.96921e+36
9.96921e+36
1.787982
3.153815
1.850007
0.8226005
1.413484
2.773415
4.158843
3.577002
4.29568
5.026566
3.161542
2.690702
1.455495
1.706465
1.757205
1.433025
1.841105
1.773954
2.186149
1.531956
2.165456
1.492209
2.416465
2.246344
3.259624
4.224765
4.300281
5.088748
6.763273
6.96417
6.666152
7.326596
7.036928
5.216614
4.249078
3.320556
2.725931
2.759499
1.830284
2.82647
1.923676
2.042047
1.847661
2.103754
2.422191
3.198617
3.352761
3.349575
2.89862
2.586401
2.825629
3.348716
3.906913
3.96961
4.172482
4.352245
5.368583
5.961228
6.049555
6.855677
6.987717
6.640415
5.316287
4.617741
3.991286
3.020865
2.068454
1.281233
0.3073468
0.1300853
0.001974221
3.191279e-05
 0
 0
 0
9.96921e+36
9.96921e+36
9.96921e+36
