 0
 0
 0
 0
 0
 0
 0
 0
 0
 0
 0
 0
 0
 0
 0
9.96921e+36
9.96921e+36
9.96921e+36
0.2975874
0.6083359
1.253356
0.5036557
0.7013627
1.383401
1.454495
2.630724
3.483433
3.836612
3.990308
3.729992
2.179744
2.263516
2.678435
3.109453
5.174939
4.541634
5.044042
4.322949
6.253655
5.594419
7.070476
13.23532
20.08571
33.93066
33.4886
46.6576
64.2192
66.00225
61.86125
51.0035
39.77362
27.86702
20.19059
15.04108
10.48215
11.21367
7.694792
11.88343
7.468125
7.429739
6.956952
9.71672
9.12215
9.049994
9.001856
10.15145
9.677945
9.072739
8.482043
8.930192
11.81785
13.27024
13.42416
12.00939
14.31536
16.41725
15.50689
15.90667
16.99005
16.6138
11.75398
8.370707
6.122249
3.581721
1.955149
0.9211479
0.137109
0.053704
0.0006711402
1.663972e-05
 0
 0
 0
9.96921e+36
9.96921e+36
9.96921e+36
 0
 0
 0
 0
 0
 0
 0
 0
 0
 0
 0
 0
 0
 0
 0
9.96921e+36
9.96921e+36
9.96921e+36
0.5920029
0.8913
1.380199
0.6598017
0.9280302
1.873279
2.010408
3.586138
4.970036
5.763523
5.35514
4.709923
2.638325
2.985171
3.142746
3.760163
6.004951
4.939065
5.550142
4.436735
6.167981
5.436171
6.990172
12.59006
19.89059
34.73783
33.238
46.0232
63.94405
65.88908
61.41875
50.67483
38.23126
28.1316
20.66322
16.13521
11.49515
12.65151
8.666701
13.50695
8.052722
7.90576
7.36287
10.0811
9.58742
10.48488
10.02951
11.11029
12.13892
11.53643
10.8937
10.8277
14.99342
16.98634
16.61679
14.71006
16.64872
18.05936
17.04798
16.8297
18.42702
18.51124
13.66903
10.21482
7.403347
4.339837
2.424431
1.145469
0.1563488
0.05907819
0.0006950743
1.599482e-05
 0
 0
 0
9.96921e+36
9.96921e+36
9.96921e+36
 0
 0
 0
 0
 0
 0
 0
 0
 0
 0
 0
 0
 0
 0
 0
9.96921e+36
9.96921e+36
9.96921e+36
0.5920029
1.123142
1.566531
0.7117326
0.9715524
1.963064
2.079701
3.676012
4.693641
5.659415
5.163185
4.3848
2.336152
2.35543
2.847398
3.291966
5.812645
4.457095
5.25818
4.034791
5.932548
5.227748
6.707726
12.01655
19.67507
33.9986
32.41523
45.11144
62.59647
65.36264
60.85649
50.66968
37.70574
27.21429
20.41626
15.87646
11.36855
12.61236
8.508391
13.43614
7.674694
7.501639
6.735172
9.607496
8.957594
10.28138
9.704203
10.71786
11.64486
11.09156
10.33065
10.4103
13.87729
16.2725
16.32282
14.34527
16.20544
17.87918
16.68185
16.39543
18.07167
18.58284
13.86472
10.40083
7.610075
4.558935
2.548172
1.171328
0.1572586
0.05886177
0.0006996883
1.606993e-05
 0
 0
 0
9.96921e+36
9.96921e+36
9.96921e+36
 0
 0
 0
 0
 0
 0
 0
 0
 0
 0
 0
 0
 0
 0
 0
9.96921e+36
9.96921e+36
9.96921e+36
0.5920029
0.8900133
1.375097
0.659582
0.9309487
1.955823
2.10033
3.645185
4.946068
5.763537
5.35943
4.741883
2.662077
2.986302
3.175719
3.762668
6.007216
4.949594
5.615997
4.481737
6.174288
5.444172
6.999055
12.59284
19.89245
34.69598
33.24153
45.87062
63.93306
65.90308
61.41858
50.67484
38.24785
27.94683
20.68118
16.15388
11.48949
12.66361
8.687612
13.51625
8.056426
7.951046
7.397749
10.07713
9.668904
10.48563
10.05717
11.13082
12.14941
11.55812
10.91653
10.83561
15.0625
17.03653
16.62629
14.70783
16.6791
18.10213
17.05267
16.83324
18.41819
18.51409
13.66684
10.20949
7.402859
4.341403
2.424805
1.145254
0.1563429
0.05905365
0.00069524
1.599482e-05
 0
 0
 0
9.96921e+36
9.96921e+36
9.96921e+36
 0
 0
 0
 0
 0
 0
 0
 0
 0
 0
 0
 0
 0
 0
 0
9.96921e+36
9.96921e+36
9.96921e+36
0.5920029
1.203489
1.790906
0.7282705
1.019356
2.091771
2.152263
3.720515
4.715434
5.629667
5.12533
4.341883
2.241803
2.346943
2.780898
3.280995
5.795481
4.342181
5.108093
3.937265
5.859392
5.151686
6.661357
12.00486
19.64122
34.00273
32.40936
45.0549
62.39815
65.37501
61.03027
50.66637
37.6696
27.06035
20.35994
15.81079
11.34811
12.60401
8.472689
13.41683
7.701414
7.482191
6.773513
9.528256
9.044474
10.28627
9.604941
10.59631
11.54017
10.94755
10.3296
10.32606
13.97818
16.48111
16.47784
14.42906
16.4999
18.22173
17.0821
16.92831
18.59529
18.99818
13.89822
10.46068
7.695899
4.653571
2.584701
1.175335
0.1572628
0.05886326
0.0006995611
1.606993e-05
 0
 0
 0
9.96921e+36
9.96921e+36
9.96921e+36
 0
 0
 0
 0
 0
 0
 0
 0
 0
 0
 0
 0
 0
 0
 0
9.96921e+36
9.96921e+36
9.96921e+36
0.5920029
1.22284
1.800756
0.728268
1.01936
2.110364
2.180786
3.764699
4.730163
5.638071
5.127262
4.358855
2.243743
2.372504
2.790397
3.295935
5.807765
4.365376
5.109561
3.923287
5.863675
5.151326
6.661449
12.00031
19.64121
34.10466
32.43443
45.07686
62.50815
65.39183
61.1175
50.66631
37.68058
27.06517
20.35873
15.8435
11.35401
12.60691
8.471801
13.41514
7.838105
7.474612
6.823355
9.532763
9.087675
10.29591
9.632132
10.6181
11.5508
10.96489
10.35957
10.34158
14.0382
16.56984
16.51193
14.46936
16.51864
18.3152
17.15194
17.02304
18.66783
19.02751
13.90387
10.46744
7.705885
4.665164
2.58853
1.176605
0.1563174
0.05904132
0.0006948723
1.599482e-05
 0
 0
 0
9.96921e+36
9.96921e+36
9.96921e+36
