 0
 0
 0
 0
 0
 0
 0
 0
 0
 0
 0
 0
 0
 0
 0
9.96921e+36
9.96921e+36
9.96921e+36
0.001539627
0.003779025
0.008755176
0.003752595
0.004208108
0.00739985
0.009782599
0.01279546
0.01770226
0.02406619
0.02328179
0.03038888
0.0247497
0.0272594
0.02934023
0.02857365
0.03921246
0.04185493
0.04695254
0.04043769
0.04616845
0.0457822
0.0545961
0.07136289
0.09178252
0.1381039
0.1315854
0.1736028
0.2320983
0.2293783
0.2091491
0.1797093
0.1740944
0.1407285
0.1139512
0.08437853
0.0658484
0.06842166
0.05296095
0.07964206
0.05890031
0.06207339
0.06040264
0.06829796
0.06933145
0.07474484
0.08055518
0.08924198
0.08456073
0.08721841
0.07611061
0.08388022
0.09128958
0.09288266
0.0940216
0.09785866
0.1143539
0.1223487
0.1183802
0.1175904
0.1127987
0.1103969
0.08851249
0.07617403
0.06398828
0.04401849
0.0279345
0.0137529
0.002678931
0.001062318
2.588882e-05
6.343856e-07
 0
 0
 0
9.96921e+36
9.96921e+36
9.96921e+36
 0
 0
 0
 0
 0
 0
 0
 0
 0
 0
 0
 0
 0
 0
 0
9.96921e+36
9.96921e+36
9.96921e+36
0.003565975
0.006150245
0.01302645
0.009504741
0.01114763
0.01392507
0.0194331
0.02706276
0.0359499
0.05774566
0.04573425
0.06561111
0.04785965
0.05383848
0.05201347
0.04470595
0.06575209
0.06476263
0.08191375
0.05123215
0.07830434
0.06591205
0.08592225
0.09729783
0.1457983
0.1649979
0.1709653
0.212953
0.2530423
0.2363025
0.2005448
0.1871664
0.2253429
0.166244
0.1484601
0.1120655
0.09398607
0.09718409
0.07864719
0.1356919
0.1144722
0.1151729
0.1173299
0.09914237
0.09752758
0.1308304
0.1608836
0.1751604
0.1600979
0.1854561
0.1778156
0.1745831
0.1778699
0.1774782
0.1687249
0.166756
0.1925508
0.2215319
0.2069623
0.199825
0.1846735
0.1904905
0.140585
0.1242273
0.120555
0.08557168
0.0587884
0.02849349
0.004541686
0.001522679
3.086931e-05
6.78571e-07
 0
 0
 0
9.96921e+36
9.96921e+36
9.96921e+36
 0
 0
 0
 0
 0
 0
 0
 0
 0
 0
 0
 0
 0
 0
 0
9.96921e+36
9.96921e+36
9.96921e+36
0.003565975
0.008768704
0.01493425
0.01028864
0.01164679
0.01479477
0.02177576
0.02769493
0.0327155
0.05568217
0.04230423
0.06078004
0.04265376
0.04335006
0.04470785
0.03624446
0.06154848
0.05686448
0.07995068
0.04631673
0.07039943
0.05753821
0.07926524
0.0903059
0.1389542
0.1559456
0.1635642
0.2050439
0.2424814
0.2292997
0.1966451
0.1868032
0.2196274
0.1545682
0.1406572
0.106176
0.09043137
0.09666677
0.07369255
0.1293368
0.1063657
0.1009008
0.1033736
0.09232827
0.08595189
0.1242449
0.1513527
0.1514057
0.1443515
0.1676839
0.1557641
0.1604351
0.1504527
0.163031
0.1595226
0.158323
0.1865729
0.2243221
0.2077295
0.199862
0.1854711
0.1927948
0.1450009
0.1337987
0.1290524
0.09608554
0.06562287
0.03036931
0.004576616
0.001515789
3.103487e-05
6.816047e-07
 0
 0
 0
9.96921e+36
9.96921e+36
9.96921e+36
 0
 0
 0
 0
 0
 0
 0
 0
 0
 0
 0
 0
 0
 0
 0
9.96921e+36
9.96921e+36
9.96921e+36
0.003565975
0.006165275
0.01293399
0.009508948
0.01118108
0.0153306
0.02212168
0.02786217
0.03566821
0.05779899
0.04584432
0.06642264
0.04842865
0.05390695
0.0527677
0.04478425
0.06588452
0.06530458
0.0834979
0.05246778
0.07851741
0.06636857
0.08628306
0.09759778
0.1458747
0.1644694
0.1717005
0.2123631
0.2529457
0.2369074
0.2005138
0.1871712
0.2259032
0.1659608
0.1489172
0.113219
0.09373528
0.09759109
0.0791037
0.1361062
0.1146969
0.1168634
0.1182382
0.09916161
0.09942313
0.1308785
0.1626598
0.1760021
0.1604995
0.186081
0.1788622
0.1748823
0.1799434
0.1781423
0.1692389
0.1667857
0.1934091
0.2226744
0.2071099
0.1999556
0.1846152
0.1904935
0.1405176
0.1241571
0.1205352
0.08562648
0.05879534
0.02848702
0.00454073
0.001521586
3.086968e-05
6.78571e-07
 0
 0
 0
9.96921e+36
9.96921e+36
9.96921e+36
 0
 0
 0
 0
 0
 0
 0
 0
 0
 0
 0
 0
 0
 0
 0
9.96921e+36
9.96921e+36
9.96921e+36
0.003565975
0.01024253
0.01831162
0.01054316
0.01224488
0.01611057
0.02451276
0.02818678
0.03268075
0.05477137
0.0410133
0.05924853
0.0400115
0.04241426
0.04192103
0.03535973
0.0605429
0.05343572
0.07732687
0.04451119
0.06779419
0.05437475
0.07728578
0.08878193
0.1377318
0.1551483
0.1634063
0.2037697
0.2397269
0.2293169
0.1967777
0.1862843
0.2179081
0.1500091
0.1385846
0.1058378
0.08931384
0.09648607
0.07238694
0.1282855
0.1064672
0.09873003
0.1029541
0.08991347
0.08494019
0.122895
0.1496394
0.1478528
0.1409993
0.1618874
0.1525448
0.1569856
0.1498402
0.1647749
0.1613787
0.1581186
0.1929259
0.2330962
0.218932
0.2122877
0.1950349
0.2008848
0.1463644
0.1363492
0.1327733
0.1015457
0.06759958
0.03069131
0.004576429
0.001515958
3.103005e-05
6.816047e-07
 0
 0
 0
9.96921e+36
9.96921e+36
9.96921e+36
 0
 0
 0
 0
 0
 0
 0
 0
 0
 0
 0
 0
 0
 0
 0
9.96921e+36
9.96921e+36
9.96921e+36
0.003565975
0.0106052
0.01850317
0.01054281
0.01224495
0.01638844
0.02556117
0.02871602
0.03290569
0.05442104
0.04103563
0.0594851
0.04005462
0.04270353
0.04207237
0.03560858
0.06063432
0.05427159
0.07737152
0.04433477
0.06785227
0.05437179
0.07728367
0.08878197
0.137737
0.1566365
0.1636771
0.2040919
0.2405443
0.2295689
0.1972017
0.1862809
0.2180499
0.1501006
0.1385687
0.1062798
0.08955459
0.09706892
0.07236709
0.1281822
0.1070747
0.09858288
0.1040281
0.08991477
0.08546242
0.1231756
0.1500331
0.148402
0.1411852
0.1630794
0.1533061
0.1578888
0.1511389
0.1669152
0.162157
0.1587102
0.1935087
0.2361773
0.2210581
0.2144916
0.1963977
0.201474
0.1466619
0.1365631
0.1332863
0.1022021
0.06779499
0.03075005
0.004540028
0.00152127
3.0864e-05
6.78571e-07
 0
 0
 0
9.96921e+36
9.96921e+36
9.96921e+36
